-0.36476 8.79350 1.05510 -0.85321 0.29723 0.89018
-2.16440 13.92800 -4.42250 -0.38049 1.20280 -0.21313
-0.32375 5.26270 0.32234 0.44637 -0.51059 -0.11310
-1.03630 15.61200 2.64150 1.12030 0.23232 -0.27876
0.58017 7.58780 0.44392 0.29565 -0.40312 -0.43927
0.00482 7.21740 0.34712 0.22673 0.92664 0.57729
1.65110 13.00300 -2.63050 -0.48589 1.53810 0.00912
0.14088 6.32750 -0.58902 -0.24977 -0.14560 -0.30424
-0.09305 11.10500 1.92600 1.28810 -0.19418 -0.01248
0.85995 8.95320 2.87500 0.40945 -0.68399 -0.36385
0.79541 5.92930 -0.13972 -0.04546 0.56883 0.72614
-0.85884 13.88400 -2.63910 -0.60170 1.72620 0.11360
0.13646 4.56420 -0.13918 -0.60956 -0.14157 -0.42845
-1.78660 13.41100 3.56630 1.06660 -0.42432 -0.12439
-0.94312 9.31800 0.45888 0.27605 -0.72877 -0.18771
-0.01990 7.79880 -0.09520 -0.53223 0.37886 0.91666
-3.99250 14.62500 -4.93570 -0.50943 1.40110 -0.16504
-0.46721 2.81920 -0.74924 -0.60907 -1.08660 -0.96344
-0.89644 10.78200 3.54870 0.96046 -0.79013 0.20206
-2.82990 8.63580 -0.91246 0.07353 -0.70470 -0.15627
-0.12463 8.89920 0.65421 -0.75496 0.47043 0.67255
-5.55020 15.08100 -4.23200 -0.44408 1.32830 -0.04446
-2.25760 3.04840 0.00316 -1.12700 -0.46948 -1.18490
-2.04500 12.91600 3.33710 0.49727 -0.09616 0.37163
-3.12890 9.15560 0.42171 0.22124 -0.77231 0.08618
-0.48653 8.64350 -0.43985 -0.83058 -0.35558 1.06760
-8.08300 13.59600 -4.33290 -0.50984 1.46670 0.05626
-1.37460 1.64770 -0.87457 -1.84910 -0.71669 -0.58606
-6.27110 14.75300 5.14970 0.54422 -0.77153 0.22034
-5.06210 10.80300 0.26491 0.15656 -0.61810 0.00958
-0.65184 9.17210 -0.05994 -0.88066 0.03009 0.34744
-5.25230 15.35600 -1.37930 -0.62094 1.32810 0.23624
-2.77630 2.34990 0.47795 -0.86835 -1.77580 -0.85555
-2.48030 12.77100 2.78430 0.86748 -0.95007 0.27164
-2.79990 8.90190 -0.41176 0.25244 -0.20561 -0.16850
-0.09485 9.81840 1.73960 -0.82190 0.27753 0.33038
-4.65640 14.69400 -2.42660 -0.41907 1.13190 0.16933
-2.81590 3.20650 -0.20537 -1.11090 -0.57736 -0.62952
-2.42650 17.76500 2.57780 0.96901 -1.07890 0.42628
-3.73660 8.60380 0.53362 0.23535 -0.25797 0.22398
-0.80746 9.82620 2.42330 -1.00170 -0.40422 -0.01486
-4.93400 13.64800 -1.93220 -0.58824 0.92424 0.27591
-2.01150 2.24180 0.62276 -0.05714 -0.69508 -0.67236
-1.28360 16.20200 0.39246 0.67664 -0.97981 0.42574
-4.01840 9.56670 -0.57788 0.10863 -0.70532 0.04382
-2.38250 9.84640 2.98630 -1.03180 -0.18327 -0.18291
-5.36780 16.07100 -0.36418 -0.54759 1.19850 0.38605
-3.51310 2.69000 0.55612 0.34692 -0.75964 -0.58144
-1.24930 15.54200 -1.07020 1.08350 -1.45580 0.64937
-4.94330 8.35860 -0.85980 0.05623 -0.49174 0.08417
-1.12990 11.56800 1.55810 -0.76973 -0.10255 0.48143
-7.97320 15.07200 -0.96936 -0.76332 0.79381 0.25002
-4.73580 1.82920 0.16310 -1.15570 -2.10800 -0.80655
-2.30020 12.47600 4.11710 0.88564 -0.75243 0.62326
-4.74010 9.04740 -0.64534 0.03590 -0.90773 0.05182
-0.66611 10.54500 1.58800 -0.95374 0.26668 0.25343
-6.56720 15.35000 -2.46220 -0.61882 1.12180 0.20644
-1.37030 2.74500 0.31094 -0.57661 -1.72430 -0.78934
-4.00350 16.24000 4.81050 1.01030 -0.43860 0.44479
-3.00890 7.78630 0.17255 0.42505 0.07477 -0.01256
0.07265 10.04000 3.41370 -1.13150 -0.79539 -0.17503
-4.36190 13.98400 -2.91000 -0.56866 0.78940 0.30913
-1.24370 2.89940 0.91161 -0.17407 -0.84410 -0.54314
-8.11190 16.68300 2.72250 0.72194 -1.14230 0.52928
-1.56030 6.63240 1.63650 0.48143 0.14542 -0.01204
0.95816 10.64700 2.45980 -1.06440 0.21809 -0.36401
-2.32690 14.18100 -2.51290 -0.68315 0.41042 0.58984
-2.85840 3.57800 0.36095 0.31438 -1.20640 -0.00197
-4.24120 18.35000 3.81540 1.23670 -1.08470 0.28101
-4.36930 5.28270 2.27160 0.29247 -0.50319 0.19899
-1.38560 11.02400 3.13800 -1.06890 -0.12939 -0.30154
-2.96140 18.23300 -0.87245 -0.18546 0.80078 0.35779
-2.06120 3.11820 1.13790 0.11545 -0.45821 -0.82327
1.75530 13.04800 -0.79770 0.92433 -0.97948 0.44473
-3.85680 9.39300 -0.18674 0.11966 -0.73270 -0.11583
-0.92563 11.24000 1.62350 -0.81764 0.04878 0.30826
-8.18190 16.17200 -1.66390 -0.46404 0.81342 0.12848
-1.37800 1.81740 0.34177 -1.43430 -0.38118 -0.43703
-2.61990 13.26800 2.53960 0.97839 -1.69530 0.45894
-4.93500 10.91100 0.83211 0.24414 -0.52863 0.07121
-0.20999 8.32970 1.35930 -0.90504 -0.27467 0.05701
-5.29690 16.07900 -2.36420 -0.58078 0.86969 0.48642
-1.24960 2.13350 0.81721 -0.10548 -0.74962 -0.08061
-3.64420 9.81140 1.62620 0.86964 -0.78876 -0.13399
-2.96250 6.54520 -0.96735 0.57271 0.06674 0.05615
0.85219 9.69050 2.51540 -0.80028 0.25334 -0.19785
-2.14400 13.96600 -0.58029 -0.38982 1.09780 0.49313
-1.97030 3.59220 1.35430 -0.00284 -0.82982 -0.33804
-2.16430 18.52600 3.15590 1.04840 -1.14580 0.19659
-2.72460 7.73380 1.56860 0.21999 -0.41451 0.45386
-2.17500 9.98560 3.02850 -1.01580 -0.75337 -0.09573
-7.15490 15.30900 0.02831 -0.06685 0.95189 0.25528
-1.81430 2.93830 1.71710 -0.81950 -0.84348 -0.33641
-0.78041 10.18000 1.33520 0.79329 -1.01440 0.44792
-3.74490 11.53600 -1.07140 0.12003 -0.96201 -0.11609
-1.30790 11.90100 2.32860 -0.54684 -0.46570 0.31194
-6.52440 14.65100 -1.36350 -0.53439 1.71680 0.25496
-1.40830 2.14000 -0.73901 -1.67070 -0.88243 -0.51172
-3.41010 14.72500 3.43680 0.82834 -1.45270 0.58250
-5.47960 8.45740 -0.32867 0.02582 -0.47017 -0.01895
-0.18274 11.63400 2.19400 -0.83356 -0.39330 0.33118
-5.99180 15.62200 -2.93790 -0.36673 1.30840 0.11717
-1.20060 1.36370 -0.51131 -0.48834 -0.08118 -0.42529
-1.46760 14.09700 1.41830 0.79970 -0.94937 0.24501
-4.45620 8.34800 -0.50220 0.39149 -0.60840 -0.28210
-0.62556 8.68260 2.50200 -1.18300 -0.31688 0.31705
-6.80280 15.16400 -2.01590 -0.56129 0.96664 0.15163
-2.48860 2.41210 -0.40430 -0.69522 -1.38930 -0.68520
-2.52610 12.44200 -0.05454 0.77469 -1.05240 0.36493
-4.18200 9.26240 -1.76340 0.04930 -0.31850 -0.17404
-0.15546 9.72200 0.88383 -0.69481 0.11261 0.85976
-8.54640 12.18200 -1.08220 -0.58200 1.34650 0.12419
-2.29130 1.89150 -1.01330 -2.20700 -0.31647 -0.59059
-3.08160 11.74800 6.12550 0.66205 -0.62270 0.15631
-3.85490 8.19100 -0.66919 0.08490 -1.07350 -0.42599
-1.05050 8.93170 -0.44328 -0.93265 0.01082 0.71072
-8.26620 15.27900 -4.37980 -0.70024 0.80145 0.09506
-1.48310 3.47290 0.07089 -0.37793 -0.19810 -0.71455
-4.06470 15.54900 4.57690 1.13970 0.41064 -0.02747
-1.99610 6.72220 0.05974 0.06477 -0.97714 -0.57945
-1.34340 9.02070 0.04304 -0.48511 0.57243 0.80542
-3.16860 14.92600 -6.07890 -0.38641 1.40370 -0.06686
0.39986 5.55190 0.01192 -0.37962 0.67085 -0.15085
-1.85710 13.59300 4.78730 1.34680 -0.21191 -0.33510
-0.58147 8.31940 0.90669 0.16263 -0.87904 -0.45773
-0.39833 6.44900 -0.49530 -0.75926 0.22633 1.04880
-4.37120 14.77400 -4.95710 -0.15115 1.58700 -0.03859
-0.67769 4.21080 0.47057 -1.11680 0.14456 -0.51274
-5.39810 16.13200 6.88560 0.84958 -0.05252 -0.52351
-1.22970 7.11170 -0.25868 0.34636 -1.00140 -0.71585
0.51317 6.80240 0.35159 -0.66603 -0.02933 0.92615
-3.71690 12.84700 -5.24240 -0.44455 1.34300 -0.23270
1.36320 4.97840 -0.25902 0.21457 1.65050 -0.34521
0.45833 15.92900 1.28490 0.97537 -0.16414 -0.24950
0.96219 11.99800 -0.58133 0.38412 -0.59724 -0.55183
0.42148 7.63660 0.64546 -0.78081 0.05632 0.81535
-2.83690 14.68600 -5.36340 -0.73268 1.56750 -0.11713
0.44054 3.42350 -0.56314 0.06230 0.13969 -0.50691
-0.02615 13.62600 2.76440 1.31140 -0.48505 -0.01765
-1.30270 7.84300 -0.97174 0.38000 -0.26436 -0.33017
0.39125 7.47800 -0.21536 -0.33830 0.43808 0.86923
-4.13530 13.37900 -4.27650 -0.70132 1.43860 -0.17200
0.18251 4.91810 -0.30125 -0.78542 -0.59897 -0.44379
-2.59150 11.28700 4.19010 1.04300 -0.67310 -0.10504
-1.24660 8.10100 0.29730 0.38358 -0.66965 -0.34023
1.09100 7.66020 0.82077 -0.52321 0.84976 0.65367
-2.71300 13.20000 -2.85590 -0.68323 1.97360 -0.15752
0.36726 4.74240 -1.09630 -0.82961 -0.02321 -0.34268
-3.49390 13.96400 4.95250 1.04670 -0.39069 -0.50351
-2.25450 7.77360 0.18359 0.22789 -0.45316 -0.40947
0.34503 7.38250 -0.06717 -0.69814 0.22894 0.82066
-4.08130 13.64200 -3.54770 -0.33885 1.28760 -0.14799
-0.76556 3.82030 -0.03001 -1.63460 -0.76669 -1.13880
-3.28530 18.81600 5.35750 0.52425 -0.32759 0.30443
-5.57090 12.03900 0.20305 0.05130 -0.79651 -0.18793
-0.85251 7.33630 0.64853 -1.22020 0.12880 0.91174
-5.60880 14.82300 -5.68060 -0.43137 1.59400 -0.13225
-0.22366 4.02580 -0.34064 -0.85474 0.33675 -0.57787
-4.86710 17.21100 6.23030 1.24830 -0.18990 0.04680
-3.77040 6.19380 -0.55392 0.07758 -0.62778 -0.48645
0.34552 8.79120 0.10402 -0.84764 0.31255 0.95927
-4.94530 13.49700 -4.96700 -0.57051 1.42150 -0.02724
-0.71898 4.60450 -1.09040 -0.24245 -0.77446 -0.77618
-2.13420 12.58900 3.56560 1.04060 -0.25507 0.10381
-2.13240 13.47900 -0.02472 0.48866 -1.02740 -0.31076
-0.47524 7.96780 0.56395 -0.47862 0.06621 0.70822
-2.76900 13.85800 -4.00540 -0.46683 1.36520 -0.23215
0.59056 5.50250 0.41905 -0.06445 0.38783 -0.18166
-1.40380 14.92900 3.10570 1.35420 -0.08943 -0.18677
-1.02090 8.00790 -1.45290 0.85205 -0.17935 -0.25232
0.71465 5.91880 -0.12488 -1.14920 0.58536 0.87718
-3.16100 10.39600 -3.95820 -0.06992 1.69880 -0.24509
1.55510 3.28950 -0.49026 -2.15790 0.41238 -0.05711
-4.98170 15.38200 5.29860 0.87134 -0.97957 -0.08228
-3.51410 7.10020 0.11226 0.10889 -0.48993 -0.12233
-0.18983 7.33570 0.32819 -1.08470 0.28674 0.82574
-5.95100 14.50300 -5.61050 -0.36844 1.24300 -0.06490
-1.04210 2.75690 -0.06752 -2.32470 -0.06380 -0.63220
-6.04690 16.39100 7.27070 0.63057 -0.67366 0.19878
-4.35590 8.65050 -0.40294 0.02052 -0.48541 -0.42001
-0.42102 8.22330 0.53271 -0.92198 -0.07628 0.83633
-5.83930 14.55900 -3.85400 -0.50073 1.31090 0.02849
0.26978 3.28060 -0.11006 -0.74294 0.23166 -0.56857
-3.02120 16.44600 3.53760 1.05780 -0.28961 -0.22626
-2.67500 7.78050 -1.54120 0.35031 -0.50850 -0.38234
-0.64226 8.41600 0.93993 -0.75082 0.10216 0.59067
-3.73580 14.37600 -3.98420 -0.79918 1.44890 -0.16470
-0.01370 3.26110 -0.81303 -0.91756 -0.33966 -0.32219
-2.37160 11.54200 5.15460 1.09150 -0.32635 -0.25482
-1.58630 7.71200 0.56313 0.26953 -0.50439 -0.37082
0.41614 7.46240 0.53001 -0.88159 -0.11449 0.98438
-6.05340 13.80200 -4.35870 -0.63240 1.58180 -0.00334
0.05437 3.25610 -1.03360 -1.62270 -0.00755 -0.25887
-5.22200 15.36500 6.46970 0.79980 -0.72076 -0.10162
-3.52210 9.55370 -0.24301 0.25754 -1.00240 -0.51906
-0.10776 7.50100 0.18335 -1.10820 -0.25879 1.01280
-3.47980 13.11300 -6.06290 -0.52391 1.70610 -0.24849
1.34520 2.62690 0.06023 0.17197 0.06946 -0.74657
-1.79420 15.45200 0.74883 1.07620 -0.13907 -0.14198
-2.01140 7.24160 -0.87787 0.08253 -0.75414 -0.59686
-0.66869 7.50840 0.46848 -0.97861 0.17389 0.76463
-3.22780 14.03300 -5.14980 -0.30687 1.63810 -0.11472
-0.25667 4.24340 0.34297 0.03697 -0.24792 -0.20222
-1.87420 12.26400 1.72790 0.91753 -0.25812 -0.07805
-1.58280 7.79710 0.48347 0.48174 0.14731 -0.12985
0.88075 7.97970 0.16281 -0.77560 0.28525 0.51292
-2.88510 12.10400 -0.39372 -0.52235 1.65450 -0.50191
1.38960 5.60020 0.96405 0.82286 -0.08202 0.11821
-0.44743 13.72200 1.40280 -0.19084 0.02261 -0.21402
-1.90900 9.42050 -3.19130 0.47099 -0.15442 -0.51404
0.55623 6.56970 1.09530 -0.31525 -0.61800 0.88680
-1.77980 12.66900 -0.86119 -0.10295 0.97412 0.03841
0.64101 7.48270 0.66426 -0.05965 0.23288 -0.22829
-0.02300 10.72300 1.35920 0.72932 -0.25488 -0.19487
-0.35010 9.14240 1.01000 0.63042 -0.47383 -0.44975
0.89893 6.46410 1.24170 -0.35979 0.38417 0.55026
1.11690 12.95800 -0.70284 -0.18735 1.20630 -0.18932
1.77290 8.26160 0.98781 0.61256 -0.51669 -0.39174
0.76520 10.87500 0.01816 1.31450 -0.23074 -0.37582
0.38351 10.26100 1.36710 0.56952 -0.39337 -0.30600
0.20154 7.07020 0.44238 0.04724 0.43779 1.04400
-1.22240 13.67400 -1.24790 -0.00018 1.53970 -0.05212
0.04884 5.61730 1.28830 0.38316 -0.17624 -0.54778
0.14282 12.60300 0.76501 0.92912 -0.37244 -0.28073
-1.16760 8.98500 1.43460 0.32689 -0.84204 -0.28616
1.73910 6.77380 0.24136 -0.14476 0.27672 0.58023
-2.07500 15.33700 -3.72130 -0.55057 0.96950 -0.03780
-0.96394 4.85860 -0.22588 -0.43370 -0.79131 -0.67506
-1.39830 13.43200 3.63240 1.07260 -0.26797 -0.18541
-1.31440 7.92860 -0.29163 0.09894 -0.47043 -0.32172
0.82639 8.26290 -0.33026 -0.53305 0.60329 0.88640
-4.17600 14.47600 -4.50470 -0.37492 1.33420 -0.03624
-0.07918 3.20560 0.12767 -1.05460 -0.55579 -0.46996
-3.00500 13.17800 3.98770 0.83055 -0.30275 -0.11607
-1.46070 8.79920 -0.56361 -0.05408 -0.50479 -0.13367
0.41844 8.02420 0.04129 -0.60876 0.26129 0.82787
-4.64520 14.51500 -4.12410 -0.37456 1.48250 -0.06766
-0.96530 2.06210 -0.50163 -0.26723 -1.95950 -0.67096
-2.88630 13.80000 2.47430 0.80786 -0.56750 0.69156
-4.90570 10.00800 -1.57850 0.02258 -0.19228 0.50662
-1.39810 10.04300 1.72840 -0.84488 -0.12654 -0.20236
-5.33790 13.71900 -0.17351 -0.47684 0.62384 0.47099
-1.57330 2.67770 0.23920 0.10602 -0.80159 -0.39156
-2.13200 14.45000 -1.13270 0.72446 -1.22720 0.39983
-3.24710 9.51220 -0.54149 0.22186 -0.45312 0.15201
-0.96172 11.30900 2.87050 -1.05530 0.30547 0.07637
-4.11950 14.87300 -2.15190 -0.45056 1.16590 0.30528
-2.07800 3.05120 1.60530 -0.51828 -1.12400 -0.49315
-3.95140 11.51600 0.41476 1.00430 -1.25330 0.35997
-3.56530 7.68710 -0.67329 0.31326 -0.41148 -0.10490
-0.16272 10.48200 1.92820 -1.01470 0.14380 0.05196
-5.12700 15.14800 -2.29050 -0.45123 0.86983 0.49535
-3.42150 3.23930 1.29290 -0.67340 -0.72087 -0.37721
-1.80380 16.37400 2.18010 0.90041 -0.92300 0.29958
-3.49200 7.51600 0.46281 0.28531 -0.29019 0.02994
-0.46957 10.62000 2.26080 -1.06560 0.10715 -0.07118
-4.61670 13.65900 -1.39720 -0.21893 0.74106 0.15988
-2.72420 3.82040 0.84422 -0.51329 -0.80104 -0.82051
0.68927 13.00900 0.12843 1.03780 -0.57091 0.38815
-2.93370 10.45700 0.28503 -0.06105 -0.79083 -0.11003
-1.90650 10.08100 0.89868 -0.80966 0.06798 0.91873
-8.97130 13.93300 -2.81310 -0.12552 1.20850 0.04181
-1.76460 2.18600 -0.28651 -1.95980 -0.63087 -0.20778
-0.71582 12.47500 6.96280 0.77534 -0.81839 0.44379
-3.92810 9.40140 1.26310 0.37625 -0.92993 -0.00580
-1.65370 9.36520 1.37700 -1.01250 -0.10736 0.20728
-6.48760 15.07500 -1.63790 -0.62560 0.60541 -0.00458
-1.84150 2.01320 0.53616 -1.18150 -0.77299 -0.54219
-3.12330 10.80500 2.80770 0.80551 -1.13380 0.46692
-5.09670 9.07070 -0.10046 0.33810 -0.42023 0.10559
-0.79608 9.97200 1.43210 -1.06860 0.28754 0.32837
-5.27970 13.39200 -3.35340 -0.26936 1.18250 -0.04645
-0.57080 2.87330 0.80141 -0.78506 -0.70694 -0.56180
-2.83060 17.09200 3.63080 0.84467 -0.59761 0.54189
-3.75750 7.79760 -0.65196 0.02135 -0.69215 0.00774
-0.94159 10.89100 1.66000 -0.98071 0.02657 0.15337
-5.25430 13.81400 -2.61850 -0.58652 1.09930 0.17752
-2.12890 2.25810 0.24352 -0.29312 -0.75581 -0.46149
-2.81300 15.43400 0.35794 0.91949 -1.07520 0.48656
-4.61600 8.38460 -0.75188 0.11301 -0.48370 -0.02419
-1.84470 9.46890 0.95322 -1.06970 0.31622 0.17802
-6.41290 14.48300 -0.73676 -0.77228 0.74742 0.36427
-2.84310 2.53600 -0.46742 -0.26117 -1.04770 -0.63441
-2.69130 13.55800 -1.11560 0.90778 -1.57010 0.75482
-6.50380 9.54440 -0.41212 0.13307 -0.44437 -0.02002
-0.61244 9.65680 -0.07385 -0.87613 0.26707 0.79324
-9.94390 15.22700 -4.21790 -1.02370 0.67851 0.15276
-1.21690 1.63240 0.54210 -1.78460 -1.08860 -0.19019
-6.68690 13.37200 7.30610 0.54082 -1.00620 0.30438
-5.25340 7.39210 -1.40030 0.23897 -0.21132 -0.07788
-0.21167 10.48400 2.16150 -0.95512 -0.07602 0.38017
-5.30730 14.52300 -3.07270 -0.37140 1.63210 0.08983
-1.97000 2.13490 -0.21481 -0.94489 -0.84706 -0.35362
-2.57250 16.88600 2.93860 0.91106 -1.09200 0.19395
-3.63140 7.52060 0.40936 0.35887 -0.10538 -0.05524
-0.12834 11.44000 2.38490 -0.96542 -0.20296 -0.12968
-4.41440 13.99600 -2.60400 0.05951 1.05130 0.47121
-3.46400 2.26410 1.96400 0.11711 -0.60373 0.47310
-3.95540 8.99310 0.46289 0.54146 -0.30519 0.02727
-1.24620 4.11640 -1.17590 0.50653 -0.19444 -0.05394
0.01289 10.85900 2.93590 -0.92891 -0.28610 -0.40703
-3.10110 16.05600 -2.25210 -0.36052 0.77148 0.74323
-1.89020 3.07890 0.57451 0.08290 -1.14350 -0.58508
-1.96620 18.78000 4.63950 1.16820 -1.17420 0.59868
-3.96150 7.86330 1.03380 -0.14255 -0.75458 0.53381
-2.91990 10.91000 2.13980 -0.99287 -0.13725 0.19473
-7.75430 14.82300 -0.66144 -0.51083 0.84778 0.23065
-2.53730 2.28800 -0.03969 -1.68300 -0.51266 -0.24911
-1.33320 11.25200 1.27040 0.85187 -1.23920 0.33682
-3.57560 8.93740 -0.71925 0.28377 -0.22795 -0.07643
-0.62849 9.90410 1.52210 -0.85722 0.44110 0.30833
-5.34700 13.87800 -3.25680 -0.51454 1.01360 0.17374
-1.51310 1.84190 0.02928 -1.28580 -0.97208 -0.44237
-2.25970 14.81800 2.89320 1.01810 -0.84058 0.51250
-5.12170 7.54220 0.10059 0.23244 -0.21480 0.20865
-0.94920 10.50000 1.53530 -0.99873 0.32774 -0.05959
-5.58080 13.10900 -2.73540 -0.38487 0.87073 0.35197
-1.58590 1.96420 0.90640 -0.89374 -0.92468 -0.48088
-3.66310 16.25000 2.10120 0.94324 -1.03120 0.39542
-3.78780 7.98540 0.62199 0.21103 -0.42900 0.08046
-0.63165 10.40600 2.39880 -1.03360 0.19148 0.33607
-6.58060 13.63800 -2.58770 -0.59058 0.73882 0.15408
-1.21220 1.57590 0.18092 -1.56640 -0.50763 -0.55299
-2.91130 9.92740 0.36426 0.97501 -1.06260 0.53708
-5.01030 8.26590 -0.53348 -0.02721 -0.90186 -0.13445
-0.09813 10.23400 -0.47633 -0.69189 0.54805 0.89861
-7.92300 13.21300 -4.69820 -0.69002 1.20610 -0.15552
-0.73183 1.95320 -0.97447 -1.18380 0.29640 -0.50932
-6.50270 19.02200 8.57140 0.81773 -0.07744 -0.14500
-2.60360 8.56070 -1.64960 0.58948 -0.87070 -0.33170
-0.60770 7.13040 0.62038 -0.33159 -0.63477 0.59154
-4.24220 13.38500 -3.15690 -0.58316 1.80870 -0.12172
0.05269 4.71100 -0.24530 -0.50710 -0.48811 -0.68861
-2.80830 12.37000 4.15960 1.28730 -0.01865 -0.05753
-1.50600 10.41300 1.12450 0.16803 -0.52736 -0.30707
-1.07120 7.86930 -0.35362 -0.62988 0.74913 0.74692
-3.34640 14.88000 -4.13440 -0.59070 1.67740 -0.07803
-0.03388 4.59050 -1.05730 -0.63965 0.34192 -0.31831
-2.25660 13.54500 3.73180 0.96927 -0.13167 -0.48299
-1.37030 8.19710 -0.77220 0.31100 -0.62317 -0.34523
0.50566 6.98000 0.58020 -0.38310 0.33266 0.89253
-1.82540 12.59000 -3.78920 -0.46785 1.24810 -0.25381
0.48485 5.78600 -0.44826 0.55664 -0.12149 -0.57613
-0.61607 12.58300 2.13190 1.28920 0.05885 -0.57794
-0.70671 9.91820 0.30150 0.42517 -0.41183 -0.23590
-0.25471 7.62390 0.74995 0.06360 0.11096 0.66124
-1.56920 13.50400 -2.74740 -0.27577 1.35940 -0.07716
-0.31624 8.36460 -0.21982 0.04201 -0.72842 -0.27989
-0.63773 10.95600 2.11630 1.20680 -0.31042 0.08267
-0.96982 10.04400 1.17910 0.54997 -0.36819 -0.41551
1.53450 6.83780 -0.97719 0.05647 0.26900 0.62616
-1.05010 12.07200 -0.57208 -0.55524 1.18620 -0.31143
0.33542 8.42130 0.60258 -0.43948 -0.06177 0.23482
-2.00510 9.18710 0.64224 0.58957 -0.16631 -0.25499
-3.78540 8.75950 -1.17360 0.69305 -0.17117 -0.26233
-0.21246 5.02970 -0.24384 0.30836 0.96237 0.40393
0.53058 12.16500 0.50391 -0.70836 1.58260 -0.13933
-0.78714 10.08100 -0.62097 -0.63936 0.47206 0.29312
-1.16240 7.70070 2.03110 0.49007 -0.07304 -0.28357
-3.03350 12.63800 1.78140 1.05990 -0.93050 -0.15930
-1.57510 5.88850 -0.11603 0.55954 0.09833 0.29742
0.88040 10.74500 3.13430 -0.78613 0.97243 -0.03612
-0.79814 12.93300 -0.68506 -0.76572 1.06650 0.19780
-1.14630 5.80620 2.83010 0.03694 -0.29008 -0.34372
-2.42770 8.27250 -0.84122 0.90425 -0.64873 -0.19977
-1.22320 6.67540 -0.44048 0.30330 -0.00775 0.02763
0.09044 11.04000 2.85030 -1.07170 0.12535 -0.39867
-3.48580 13.44200 -1.02530 -0.22900 0.79512 0.31488
-3.03850 4.08880 1.19530 -0.13341 -0.70461 -0.40858
-1.65810 12.74100 0.32808 1.01660 -0.84029 0.55190
-5.52580 9.18630 -0.13062 0.21358 -0.40102 0.03325
-2.75480 9.61890 1.34160 -0.80406 0.68509 0.47298
-6.80660 13.41400 -2.72730 -0.42044 0.83253 0.12297
-2.59290 2.64930 -0.00337 -1.27370 -0.68434 -0.19807
-1.55120 11.83400 5.24830 1.08620 -0.38991 0.65025
-4.65860 7.34910 -1.81500 0.34618 -0.26868 0.01297
-0.41138 8.69460 1.50980 -1.03980 -0.01512 0.36060
-7.00640 12.45100 -2.30610 -0.65393 1.60170 -0.01590
-1.15760 2.21450 -0.40070 -0.11803 -0.66566 -0.43884
-4.44860 13.84300 1.92840 0.87770 -0.94341 0.29381
-5.06600 9.46150 -1.51610 0.34058 -1.06850 -0.12343
-0.53912 8.29770 0.31107 -0.80797 0.37981 0.70967
-7.13500 14.64900 -4.52590 -0.64343 1.17070 -0.14290
-1.71700 2.75300 -0.70497 -1.29570 -0.89229 -0.63049
-3.18080 7.11050 5.63980 0.83945 -0.79576 0.12001
-3.59570 7.83360 -0.69894 0.24646 -0.63783 -0.20920
-0.04945 8.22290 0.78419 -1.25350 1.21300 0.61765
-4.02760 14.27800 -4.58110 -0.81201 1.07500 -0.17494
-0.69185 3.04850 -1.89830 -0.05499 0.44226 -0.60490
-1.41330 16.42800 5.26270 0.77724 0.54533 -0.32918
-1.42080 6.75150 -2.41170 0.25818 -0.50476 -0.09578
-2.23730 8.08620 0.80864 -0.54094 0.48721 0.71831
-1.86460 14.32400 -4.25810 -0.51662 1.35170 -0.18298
0.98619 5.63940 -0.16525 -0.36157 -0.21632 -0.61522
-1.84640 13.18000 3.28940 1.08430 -0.12555 -0.27361
-1.59890 10.51100 1.14350 0.29781 -0.24373 -0.26337
-0.27110 7.81630 0.02405 0.09860 0.23569 0.73273
-0.64876 11.79800 -0.49200 -0.37628 1.36530 -0.27962
1.38570 7.65770 -0.02876 -0.13980 0.53403 -0.13518
-0.42627 9.74250 1.03700 0.79311 0.24248 -0.11594
-1.46290 9.68320 -0.06172 0.61043 -0.36459 -0.27489
-0.25790 6.18400 -0.36200 0.15158 0.41498 0.45749
-0.30370 13.38700 0.68330 -0.54546 1.29030 -0.25044
-0.64642 10.86100 0.24980 -0.76559 0.14630 0.25089
-1.41780 6.81260 1.28280 0.32491 -0.50912 -0.45284
-3.14820 9.46700 -1.56580 0.97119 -0.84015 0.07088
-2.00990 6.06280 -0.24016 0.60365 -0.28865 0.41071
-1.26680 12.18400 2.95590 -0.82686 0.45183 -0.18561
-2.50800 13.16100 0.34387 -0.42046 0.83359 0.72054
-2.82360 5.58990 4.37290 0.66185 -0.68362 -0.85327
-2.92640 16.05300 0.79132 1.26640 -0.73730 0.26398
-3.34820 4.76190 1.01750 0.38811 0.13136 0.19734
0.07462 10.50000 3.37810 -1.12030 -0.15102 -0.41806
-4.04500 12.79200 -1.76600 -0.67192 0.98769 0.50438
-2.06680 3.19450 1.40530 0.35349 -0.45222 -0.18622
-1.80430 13.54700 0.01047 1.05700 -0.76372 0.29112
-2.55800 7.32710 0.08801 0.10439 -0.43695 0.26488
-1.11070 11.58300 2.46180 -1.01480 0.06503 0.20990
-6.36820 13.59100 -3.12690 -0.60774 0.88681 0.43521
-1.82980 3.14820 0.64304 -0.66393 -0.53317 -0.57751
-2.00580 16.71900 6.22410 1.09960 -1.15880 0.32297
-3.46370 7.13500 0.76010 0.08426 -0.27171 -0.03096
-1.09720 10.00400 2.17960 -1.07730 -0.31425 0.29163
-7.17460 13.95500 -2.29950 -0.37233 0.90288 0.23853
-2.65790 1.87930 -0.13120 -1.11930 -1.13340 -0.37004
-2.25320 14.07900 0.22658 0.96106 -1.21400 0.41100
-5.08490 10.17300 -1.15520 0.20610 -0.40556 -0.22479
-0.04146 8.07880 1.16490 -0.93286 0.53430 0.82460
-3.49340 12.59900 -4.27750 -0.61562 1.51500 -0.14926
0.60519 2.76860 -0.10905 0.25679 0.43733 -0.36806
-3.76810 17.79800 5.10010 1.06970 -0.65916 -0.59624
-2.67950 10.01400 -1.43200 0.01209 -0.37178 -0.17877
-0.10332 8.12230 1.49690 0.01332 0.14650 0.71556
-3.18750 13.84700 -2.92090 -0.40367 0.80466 -0.05917
-0.51199 6.05630 -1.05740 0.16939 -0.15221 -0.56212
-0.32794 12.36700 3.60380 1.23000 -0.13724 -0.19234
-2.40250 10.76500 -0.51164 0.40646 -0.88475 -0.13545
-1.27080 8.06420 0.83861 -0.23778 0.07221 0.72234
-2.97210 12.58100 -1.49540 -0.64140 1.50660 -0.11455
0.37407 6.51530 0.42711 0.03416 0.53711 -0.09396
-0.51756 10.25500 1.59160 1.22400 -0.58818 -0.40787
-2.19600 8.46880 -1.19650 0.37291 -0.22818 -0.16025
-0.29320 6.48030 -0.06972 0.40462 0.47279 0.60403
-0.69875 12.73600 0.54170 -0.74841 1.19430 -0.31200
0.98016 9.65850 -0.65875 -0.45477 0.14275 0.35634
-0.29823 7.31170 1.95400 0.89413 -0.39961 -0.17700
-3.46250 9.85990 3.08330 0.89484 -0.53123 -0.24065
0.02237 5.03150 -0.93689 0.85934 0.49452 0.34937
0.68732 10.44600 3.69870 -0.89894 0.91533 -0.47029
0.13080 11.77400 -0.98605 -0.76086 0.43948 0.55042
-2.57730 5.38300 2.64870 0.44070 -0.65379 -0.57021
-6.35080 13.52400 4.75270 1.18230 -0.62404 0.43776
-3.11990 7.15730 1.76350 0.29521 -0.22433 0.35565
-2.06560 12.33600 3.21880 -0.98750 -0.11743 -0.34102
-6.17390 14.95200 -0.30795 -0.36996 0.68016 0.25038
-3.02650 2.97000 0.96144 -0.73891 -0.76822 -0.71877
-1.01290 11.66300 -0.15437 1.09850 -1.08410 0.83633
-5.78450 9.49360 0.21800 0.18857 -0.10054 0.07016
-0.44131 9.04500 1.35900 -0.88132 0.22304 0.59755
-4.39670 12.61200 -4.66680 -0.52919 0.96655 -0.11278
-0.89751 2.95350 -0.29358 -0.42395 -0.36652 -0.57683
-1.03090 12.52900 2.00910 1.04510 -0.66692 0.04215
-3.20560 8.19920 -0.15965 0.32379 -0.42908 -0.39317
-0.36897 7.68450 0.28368 -0.57739 0.23358 0.93039
-4.15080 13.21000 -3.65730 -0.44705 1.29300 -0.06578
-0.85191 5.64880 0.26154 0.33324 0.98459 -0.58328
-0.52873 11.47000 0.85062 1.23190 -0.44298 -0.27509
-1.84930 7.70440 -1.01720 0.37556 0.03677 -0.36276
1.42640 6.83240 0.33400 -0.00200 -0.11317 0.70250
-2.85900 13.40800 -2.39590 -0.14944 1.48450 -0.09134
0.37747 7.68450 0.47292 0.08080 -0.11902 -0.24956
-1.78320 11.76600 2.69280 1.25880 -0.08185 -0.06541
-2.06620 9.18930 1.74210 0.48262 -0.16644 -0.23647
0.96078 5.20510 -1.89130 0.16943 -0.09857 0.52756
-0.55307 9.70360 0.94826 -0.61047 0.85454 -0.05374
-0.03163 8.95030 0.51198 -0.33896 0.02316 0.11829
-0.23497 9.29700 2.34820 1.18440 -0.25798 -0.49434
-1.14770 10.26600 -0.56396 0.56310 -0.30588 -0.35919
1.15090 6.42070 -0.38441 0.60323 0.18867 0.40804
0.13828 11.62900 1.34710 -0.62068 1.15260 -0.14221
0.28386 10.90100 -0.38342 -0.47379 0.22661 0.27661
-1.17500 7.15470 2.41830 0.54465 0.03018 -0.19328
-4.09570 10.82000 2.84550 0.70306 -0.49779 -0.09424
-0.91090 5.28110 -0.63574 0.57979 -0.32367 0.13690
0.33403 11.61800 2.18380 -0.70906 0.41968 -0.00560
-3.23810 14.05800 -1.15610 -0.18195 0.43013 -0.02423
-2.32700 5.23050 1.06400 -0.29788 -0.57085 -0.81760
-1.84780 15.81500 1.77690 0.94434 -0.98744 0.35313
-3.44980 8.09470 -0.75620 0.13698 -0.54031 -0.22380
-2.16770 9.75130 1.98450 -1.08050 0.43129 0.37852
-5.56210 13.18000 -1.95460 -0.55386 1.17610 0.05008
-2.32410 3.12840 -0.35043 -1.60980 -0.82903 -0.62074
-4.57910 13.04800 4.83730 0.49101 -0.87506 -0.13846
-3.74700 10.44600 -1.99220 0.02174 -0.68353 -0.34184
-0.16605 8.20060 0.65349 -1.07440 0.50273 1.33740
-4.75260 12.45500 -4.27620 -0.06130 1.82810 -0.45349
2.38990 1.97050 -0.61766 -0.19289 0.01238 -0.85168
4.30810 11.65900 -0.19234 1.12700 -0.47142 0.01276
-0.66483 8.66010 -0.38708 0.44341 -0.18248 -0.32298
-0.36501 7.42230 0.65387 -0.31857 -0.08316 0.69377
-3.70030 13.21400 -2.36510 -0.59534 1.56190 -0.14067
0.13666 6.98100 0.12741 -0.07716 0.30173 -0.03862
-0.65892 10.01800 1.09470 0.99539 -0.08083 -0.11037
-1.52480 8.86080 -0.17595 0.52502 -0.50163 -0.07062
-0.45766 6.85010 -0.35081 0.68274 0.38370 0.39777
-0.59406 11.13900 2.63260 -0.75320 0.54385 -0.45406
-1.09950 12.06600 -0.26489 -0.43912 0.64879 0.46127
-2.58700 5.08910 2.07860 -0.13054 -0.62437 -0.45573
-4.64880 13.59600 2.17100 1.15590 -1.36160 0.50029
-4.55390 8.69210 1.12160 0.22023 -0.00612 0.05237
-1.51480 9.64780 1.57830 -1.11920 0.16881 0.07741
-4.62860 11.52000 -1.06210 -0.54494 0.82307 0.32108
-2.69550 3.32250 0.58015 0.16391 -0.85840 -0.32024
-1.95720 15.25800 -0.53212 0.92426 -0.78998 0.36684
-4.26270 8.82420 -0.73901 0.11537 -0.41644 -0.00233
-1.29540 8.77120 1.49200 -0.91098 0.36578 0.55658
-8.00990 13.46800 -2.39740 -0.43184 0.94276 -0.03023
-2.16130 2.75250 -0.72572 -2.15520 -0.92363 -0.40706
-4.41700 13.68100 4.05420 0.65758 -0.54434 0.33284
-4.21010 9.74770 -0.09715 0.28513 -0.66289 -0.33925
-0.18268 7.73260 0.94133 -1.11510 0.13608 0.58266
-4.28280 13.22400 -4.97760 -0.52570 1.01280 -0.21931
-0.76430 4.91030 0.07515 -0.07221 -0.24121 -0.67561
-1.49280 11.80700 2.25130 0.94653 -0.63800 -0.04510
-2.26200 9.58340 -0.33968 0.46196 -0.66994 -0.35248
-0.23425 7.47400 0.47771 0.05214 0.05189 0.89700
-2.02130 12.02900 -1.30120 -0.60080 1.55620 -0.06902
0.50323 8.07180 0.41745 -0.27406 -0.00421 -0.00603
-0.73822 8.47070 2.64090 0.49596 -0.66054 -0.01587
-4.36240 8.48010 2.03600 0.98323 -0.55510 -0.34245
0.44818 6.06040 0.36620 0.42528 -0.11917 0.24570
0.23204 10.33200 2.60550 -0.83632 0.53722 0.02419
-3.01480 14.59400 0.71019 0.22569 0.76456 0.18961
-2.00360 4.15740 1.88220 0.28975 -0.24599 -0.78987
2.53490 16.46600 1.15270 1.10700 -0.70865 0.50600
-4.38540 8.32730 0.89600 0.15994 -0.25153 0.03712
-1.46210 9.56150 0.28944 -0.91232 -0.18192 0.52534
-6.71260 10.44600 -1.32380 -0.02455 0.83943 -0.05846
-2.94820 3.88480 1.87240 -2.14200 0.21399 -0.15533
-5.65500 16.76600 8.66760 0.56551 -0.33374 -0.55463
-2.02960 7.59290 -1.43600 0.22752 -0.84642 -0.44614
-0.92879 8.44040 0.51654 -0.45187 0.13078 0.83846
-3.19310 13.62800 -3.81280 -0.46411 1.32010 -0.18092
-0.74684 6.02620 -0.22914 -0.33205 -0.64476 -0.38219
-3.61150 12.99800 4.29100 0.99451 -0.05992 -0.05353
-2.53360 8.30090 0.24969 0.56168 -0.57159 -0.34311
0.90097 6.48160 -0.37430 -0.00438 0.01190 0.79109
-1.50870 12.21100 -0.70523 -0.45000 1.23150 -0.26733
0.66800 8.34470 0.44080 0.01709 -0.39551 -0.24535
-1.72520 9.10140 1.37020 0.76631 -0.05426 -0.17943
-2.51490 8.43780 1.42730 0.69778 0.00455 -0.27307
-0.67143 6.50890 0.11832 0.21742 0.22623 0.57719
-0.08135 11.47900 1.21680 -0.52367 0.91510 0.00699
-0.63295 11.99400 0.81639 -0.55115 0.66647 0.44780
-2.13560 5.38020 2.75300 -0.37863 0.15773 -0.23639
-4.72070 9.56230 -0.69144 0.85301 -0.72653 -0.19267
-0.98672 5.63180 0.00664 0.45885 -0.02959 -0.09894
0.77065 11.79200 2.20180 -0.96690 -0.32446 -0.51845
-4.22100 14.77900 -0.72572 -0.65295 0.21175 0.41635
-2.56490 3.75990 1.30810 0.63310 -0.72243 -0.15480
-1.92280 17.46800 2.42610 1.17280 -0.57169 0.50336
-3.98460 7.06080 0.48880 0.26678 -0.36549 0.18640
-1.77610 9.90140 2.37690 -0.85345 0.12007 0.10333
-5.96410 13.37700 -1.50760 -0.33714 0.67972 0.09204
-2.30560 3.41510 0.32603 -1.15210 -0.93268 -0.41637
-3.79280 14.85500 1.82180 0.80537 -0.92374 0.32861
-4.77320 7.52950 -0.63065 0.07780 -0.43945 -0.06599
-1.06760 10.27000 0.93369 -1.14290 0.18622 0.39613
-5.78450 13.17800 -3.21840 -0.63432 1.30430 -0.00076
-1.09780 3.27110 0.23976 -0.65547 -0.21773 -0.53018
-1.74270 13.10100 2.84920 0.99129 -0.87282 0.22466
-3.59220 9.53590 -0.42264 0.21420 -0.67964 -0.31824
-1.25420 8.59560 0.81310 -0.90485 0.29115 0.93604
-5.95330 13.24000 -4.42690 -0.40222 1.45880 0.00827
-0.80707 3.84770 0.19736 -0.47589 0.20677 -0.38261
-4.56320 16.63600 5.60430 0.87482 -0.15024 -0.76108
-0.59717 7.30200 -0.52899 0.43845 -0.43190 -0.24841
-0.18146 7.35890 0.35120 -0.36275 -0.55759 0.51851
-3.83100 14.03900 -4.05090 -0.45082 1.50320 -0.01051
0.42685 6.95270 0.10054 0.10281 -0.75142 -0.13460
0.98743 10.70200 2.33750 1.35510 -0.12144 -0.05560
-1.50780 10.07400 2.33530 0.50992 -0.52011 -0.26236
-0.17278 5.90150 -0.41153 0.45204 0.91055 0.57211
0.66470 12.72900 0.55771 -0.44867 0.99370 -0.29501
0.16721 9.22600 -0.61221 -0.32063 0.29015 0.14702
-1.35080 7.89130 3.09630 0.88542 -0.07225 -0.45804
-0.91418 7.28820 -0.37656 0.82541 -0.55995 -0.18311
-1.08230 6.04400 -0.37457 0.40744 0.38234 0.30804
0.20175 11.16500 1.52300 -0.78087 0.72168 -0.04675
-0.68744 11.33400 0.04045 -0.67123 0.49480 0.49104
-1.56020 7.35850 2.95710 0.62079 -0.16158 -0.41153
-2.78690 13.41500 1.47000 1.15220 -0.79027 -0.29840
-0.11108 5.62110 0.50591 0.58156 0.21855 0.15445
0.74852 10.61000 2.65330 -0.48837 0.84352 -0.27658
-2.06070 14.27200 -0.31351 -0.88222 -0.23598 0.61375
-3.06180 5.79700 1.96350 -0.15845 -0.20863 -0.30861
-6.11210 13.51000 3.13570 0.82602 -0.42397 0.50690
-3.33580 7.56480 1.38570 0.16748 -0.22263 0.16217
-1.59180 9.85870 0.90762 -1.13680 -0.26952 -0.28935
-4.93570 14.60400 -0.92546 -0.30046 0.50587 0.21230
-3.33880 4.94150 0.67065 -0.10736 -1.33880 -0.42224
-0.68373 11.70400 -2.75920 1.00430 -1.29960 0.85277
-6.30570 10.39000 -1.09570 0.26375 -0.25325 -0.07268
-1.30720 9.49550 0.77559 -0.88649 0.45596 0.60266
-6.65730 13.23400 -4.33680 -0.40143 1.42500 0.06168
-2.22630 2.73170 -0.69289 -1.18670 -0.52788 -1.11360
-2.75120 16.17200 2.00500 0.64159 -0.79610 0.61786
-4.12840 12.69900 -1.71720 0.11371 -0.62297 -0.23236
-0.70395 8.81660 0.58250 -0.52376 0.05486 0.81624
-5.13140 13.96500 -4.50440 -0.37735 1.12560 -0.11159
-0.63145 3.63220 -0.22859 -0.72678 -0.19582 -0.56342
-3.58080 14.48300 6.02050 1.10440 -0.62790 -0.30415
-2.83280 8.53980 -0.10046 0.29483 -0.73018 -0.35831
0.86867 7.54880 -0.04384 0.29881 0.14241 0.77423
-1.81370 12.17200 -0.37338 -0.57333 1.21230 -0.21394
0.12764 8.54110 -0.28865 -0.34285 -0.17328 0.04666
-1.50000 9.54140 2.61280 0.84717 -0.55466 -0.13710
-4.28950 10.17800 1.70150 0.75031 -0.64981 -0.17953
0.12543 5.52430 -0.64513 0.81351 0.33997 0.42969
0.66078 10.65300 3.06650 -0.97307 0.93051 -0.08217
-2.55110 12.66600 -0.68088 -0.57529 0.60678 0.44775
-2.44190 6.03420 3.17070 0.18623 -0.80458 -0.18591
-8.36590 11.04600 5.31160 0.67715 -1.02110 -0.08220
-2.28520 6.20590 1.70670 0.41747 -0.17397 0.03416
-1.73060 10.24500 2.52250 -1.16440 0.00446 -0.18420
-6.31270 14.68100 -0.47464 -0.31419 0.41669 0.43373
-3.05260 2.48820 1.21190 -1.03680 -1.11770 -0.55559
-1.95190 12.57900 1.08420 0.77313 -0.86311 0.56526
-4.72190 8.97650 -0.45732 0.47830 -0.50270 -0.30260
-1.09880 9.11120 0.76622 -1.18960 0.44313 0.52124
-4.36720 12.09700 -3.67320 -0.48112 1.05170 0.06903
-1.02060 3.82320 -0.43434 -0.37048 -0.77971 -0.52753
-2.55560 13.15800 0.59769 0.90547 -1.05540 0.08072
-4.54570 7.67020 -1.11080 0.10321 -0.33141 -0.16313
-0.30159 8.51380 0.32062 -0.66742 -0.12991 0.88376
-6.52530 13.53500 -2.94500 -0.40260 1.49340 -0.22229
-0.25964 5.48900 -0.37433 0.31326 0.02531 -0.30078
-2.43650 14.91100 1.63770 1.02350 -0.14496 -0.48152
-0.77888 8.47880 0.41556 0.30901 -0.42964 -0.22319
-0.84122 7.56400 0.79836 0.44487 0.17000 0.51273
-2.37860 12.90600 1.67320 -0.47873 1.53270 -0.36279
-1.22540 9.03320 -0.57739 -0.72092 0.28134 0.08026
-2.52750 8.36170 2.77710 -0.02718 -0.33844 -0.49902
-5.01000 6.13510 -0.46910 0.92085 -0.70805 0.01614
-1.33330 6.20790 0.91994 0.37372 0.09965 0.00768
-1.41330 11.54700 1.66680 -1.14380 -0.18880 -0.15813
-5.18490 12.65400 -0.95264 -0.41534 0.48544 0.32812
-2.74140 4.16290 0.73872 -1.61700 -0.39671 -0.36227
-0.78354 11.84900 3.28660 0.87416 -0.82545 0.59813
-5.69150 9.67300 0.24632 0.13008 -0.47583 -0.17047
-0.80585 9.09850 0.56120 -0.62822 -0.09302 0.67419
-5.04460 14.37600 -5.10500 -0.35402 0.76782 -0.08256
-1.11750 4.43630 0.24774 -0.51283 -0.35161 -0.49571
-3.30410 14.71700 5.34900 0.90364 0.00717 -0.41995
-3.23570 10.89900 -1.20120 0.52350 -0.56593 -0.26352
-0.18192 6.64400 -0.63339 0.52260 0.67542 0.48430
0.19698 11.60700 1.65910 -0.90874 1.22520 -0.19444
0.21019 10.77300 -0.78865 -0.62985 0.76321 0.33656
-0.46518 6.06390 2.15470 0.32854 0.11145 -0.35498
-1.91410 12.20800 -1.74370 0.79410 -0.86888 0.06494
-2.83450 6.73090 0.24670 0.24095 0.15016 -0.00154
-1.87150 11.83900 1.35210 -1.19500 0.13681 -0.20107
-3.92990 13.78800 -2.76300 -0.02551 0.54288 0.29410
-3.47990 4.35120 1.64860 -1.38190 -1.21960 -0.28549
0.41803 11.16000 -0.48734 1.03720 -1.20760 0.66408
-6.18920 10.00700 -0.43556 0.18964 -0.35764 -0.20593
-0.34804 8.22480 1.10690 -0.59120 0.28703 0.94827
-3.93300 13.64000 -4.11790 -0.43962 0.95311 -0.15802
-0.36166 5.67190 0.09557 -0.05029 -0.56311 -0.43829
-2.30880 12.05200 3.01150 1.20370 -0.29800 -0.30031
-2.26920 9.23880 1.59690 0.44708 -0.39793 -0.24518
0.18842 7.45770 -0.21416 0.45285 0.04576 0.63644
0.08055 12.08500 2.17200 -0.77824 1.48320 0.05774
-0.03537 9.48080 -0.32953 -0.18973 0.08708 0.07953
-1.05330 7.42830 2.40380 0.61031 -0.42953 -0.34174
-2.93290 16.00600 2.45420 0.84303 -0.96819 0.00900
-0.65558 6.49970 -0.58163 0.49368 0.10733 0.09645
0.24739 10.99500 3.16920 -0.81294 0.32773 -0.25606
-3.24230 13.96900 -2.64100 -0.51274 0.48180 0.22159
-2.18500 3.98400 0.36513 -0.44337 -0.64824 -0.35168
-3.62380 15.53600 2.10340 1.02170 -0.80577 0.44345
-4.59490 8.74750 -1.24030 -0.00458 -0.11763 -0.29268
-0.58568 8.95190 -0.19780 -1.06500 0.38795 1.09670
-7.35870 12.38100 -4.33290 -0.58401 1.21920 -0.10631
-0.17145 3.57010 -0.80724 -0.05305 -0.08682 -0.69130
-3.24660 18.63800 3.78180 1.09050 -0.36420 -0.29187
-1.28650 7.51220 -1.56940 0.37471 -0.56491 -0.29156
-0.46895 7.81680 0.82838 -0.22290 0.27605 0.71570
-2.69110 13.12800 -1.93860 -0.62296 1.75420 -0.11066
1.60610 6.65370 -0.09833 -0.24475 -0.04475 -0.09514
-0.56563 9.75380 0.63686 0.78227 0.06964 -0.30379
-1.92430 9.25270 -1.02950 0.83679 -0.89212 -0.13730
-0.00134 6.07980 -0.37080 0.49223 0.39629 0.23674
-1.03950 12.48000 1.73420 -0.76234 0.79614 -0.32437
0.01808 11.45700 -0.68427 -0.62839 0.59366 0.47777
-2.98680 5.77310 2.23160 0.07393 -0.09580 -0.52075
-1.91110 11.24800 -0.47200 0.90852 -0.27660 0.44534
-2.64960 6.45870 0.75578 0.09953 -0.60362 -0.14244
-2.73150 10.82500 0.30008 -0.79437 0.44418 0.21880
-4.59000 12.31600 -2.62830 -0.22874 0.71274 -0.04440
-1.23300 3.90040 0.24460 -1.79020 -0.77394 -0.50412
-4.64320 12.50900 5.52400 0.71826 -0.13510 -0.31467
-1.99870 8.76420 -1.36820 0.42059 -0.33446 -0.33789
-0.27853 7.61670 0.22781 -0.14186 -0.15538 0.35516
-1.65560 13.18100 -2.10510 -0.53300 1.14870 -0.15428
-0.59581 8.86260 -0.14330 -0.54124 0.34364 0.39171
-0.45847 7.75410 2.25420 0.76303 -0.25073 -0.65367
-2.05490 5.78490 -1.42010 0.54552 -0.43910 -0.32593
1.17290 6.21420 -1.22080 0.59393 0.63803 0.11617
-0.21225 11.80000 1.59220 -0.80910 0.19731 -0.35077
-1.29580 10.71500 -0.88768 -0.45790 0.37450 0.45311
-1.93570 4.55420 1.69000 0.25011 -0.66939 -0.29724
-4.79700 15.86500 5.15910 1.05610 -0.79410 0.06262
-2.46560 5.75350 0.36505 0.31062 -0.29080 -0.15463
-1.39970 10.27300 1.57650 -0.94525 -0.00702 0.29124
-5.24070 11.17200 -2.40130 -0.44083 1.21410 0.09299
-1.12850 3.56330 0.38878 -0.60384 -0.16151 -0.44128
-2.80730 13.38500 4.26690 1.11540 -0.93835 0.00201
-3.45420 9.42310 -0.38541 0.26949 -0.24673 -0.26122
-0.64502 8.10360 1.73850 -0.20413 -0.35735 0.79318
-4.24510 13.11200 -3.24130 -0.68779 1.15190 -0.13029
-0.52574 7.33130 -0.50229 -0.02631 -0.42599 -0.17177
-1.34010 8.49130 2.51160 1.36370 -0.11435 -0.14764
-1.38740 10.45700 0.40649 0.67198 -0.72533 -0.07721
-1.15310 7.70600 -0.09978 0.84280 0.52603 0.45485
0.21519 10.17100 3.49070 -1.00110 0.78864 -0.19081
-2.74780 12.72500 -0.67160 -0.22176 0.67628 0.54613
-2.31040 4.99160 2.06180 0.23273 -0.34853 -0.84517
-0.19127 19.45800 -0.67961 1.00120 -1.40110 0.69627
-5.83530 9.60950 -0.66542 0.09846 -0.55342 -0.02795
-2.24720 10.43300 1.40110 -1.06480 0.55560 0.58669
-8.10290 13.24500 -4.51240 -0.69533 0.96016 -0.13171
-1.59480 3.50470 -0.80386 0.09784 -0.34531 -0.32275
-1.52040 12.71500 1.52340 0.95207 0.02264 0.12206
-0.90868 9.46980 1.08560 0.52138 -0.26013 -0.15446
-0.47411 8.29910 0.29736 0.04456 0.05344 0.34126
-1.04580 12.43000 0.68950 -0.50430 1.37730 -0.15202
1.14300 10.19400 -0.42755 -0.39502 0.17104 0.28368
-0.39758 7.56590 1.49100 0.72903 0.16347 -0.00961
-2.61680 7.27520 3.14340 0.53378 -0.40961 -0.05806
-1.14320 5.28980 -0.79668 0.40891 0.01352 0.06638
-0.60213 10.00700 2.10970 -0.91002 0.26631 -0.15033
-3.95810 13.86200 -1.09090 -0.00410 0.62924 0.09642
-3.28020 4.91260 1.05770 -0.89032 -0.97849 -0.19458
-1.53320 9.94740 2.16280 0.73203 -0.89722 0.05753
-4.06550 8.87030 -0.73393 0.04977 -0.35965 -0.23405
-0.57422 9.16560 0.67163 -1.20770 0.45959 0.79749
-4.93130 13.21700 -5.72590 -0.57564 0.74562 -0.28270
-0.30588 5.53100 0.47392 0.18559 -0.27718 -0.39825
-0.94528 11.30900 2.32090 1.58300 0.20633 -0.39125
-0.75209 8.82100 2.68300 0.62001 -0.44594 -0.14767
-1.20360 8.44110 -0.40417 0.65585 0.80318 0.36504
1.75940 11.22700 0.97440 -0.83344 1.12590 -0.22778
-0.11429 10.90700 -0.31627 -0.42911 0.26927 0.50618
-2.11670 6.51800 3.20490 0.25934 0.51581 -0.56491
-3.58920 17.25400 1.96410 1.29690 -1.07740 0.03243
-2.13010 5.82240 0.29930 0.38765 -0.19806 0.21033
-1.42240 10.32000 2.26410 -1.13880 0.27614 -0.12894
-3.09760 13.99100 -0.06760 -0.29091 0.79756 0.34103
-2.15870 4.09630 1.74310 -0.63283 -0.80182 -0.65845
-1.53750 14.81800 2.67030 0.93481 -0.75899 0.34781
-3.85500 7.92610 0.58762 0.12706 -0.42412 -0.20723
-1.61560 9.28800 0.92770 -0.81093 0.65260 0.62851
-5.60570 13.41400 -4.07590 -0.46239 1.23230 -0.02525
-1.46470 3.57570 -0.08810 -0.81940 0.38725 -0.18089
-6.10050 14.29100 7.08500 0.75490 0.39685 -0.70447
-0.95534 7.36350 -1.61570 0.43217 -0.62888 -0.17343
-0.82611 7.81370 0.18170 0.07600 0.18352 0.47820
-2.47730 12.64700 -0.64108 -0.63663 1.50010 0.00539
-0.17978 10.00400 -0.07652 -0.76207 0.73857 0.29958
-2.14150 7.00920 2.55440 0.27322 0.38960 -0.14680
-3.82210 12.28000 1.51170 0.85547 -0.60451 -0.01051
-1.91180 4.48090 0.17670 0.39157 0.63216 0.01468
0.05011 11.37900 2.10870 -0.79085 0.60713 -0.33743
-1.60720 11.52700 -1.43220 -0.49614 1.02370 0.25513
-3.13830 4.74750 1.48520 -0.88330 -0.75189 -0.52303
0.83159 9.61070 3.96470 0.97733 -0.94058 0.47585
-5.02040 8.49060 -0.28006 0.16965 -0.47292 -0.33588
-1.38310 8.78890 0.69008 -0.70052 0.16338 0.71538
-5.73230 13.22000 -4.37310 -0.68686 1.63370 -0.07811
-1.43860 3.27700 -0.27225 -0.70650 -0.12184 -0.73438
-3.45200 12.61300 5.39710 0.94537 0.43686 -0.27698
-1.44170 7.90420 -0.07759 0.34769 -0.68372 -0.36900
-0.79210 7.47030 -0.32529 0.48195 0.48177 0.32213
0.74469 10.19100 3.13470 -0.99983 1.89380 0.00197
1.16530 9.68320 -0.41003 -0.51181 0.79349 0.34348
-0.22942 5.85050 2.03040 0.53746 -0.50705 -0.09503
-3.89140 9.96570 -1.88510 1.11610 -1.01890 -0.33701
-0.47525 3.92280 -1.47670 0.60220 1.06920 0.17441
2.32540 10.60100 3.01210 -0.70474 0.60719 -0.58891
2.57510 13.49800 -0.06046 -0.52119 0.31409 0.63905
-2.54300 5.66550 2.60230 -0.07362 -0.30577 -0.48445
-5.29660 12.20000 4.21580 0.81227 -0.29840 0.23538
-3.20640 7.24300 0.08336 0.28131 0.12137 0.11618
-1.57130 10.29500 2.05620 -1.03690 -0.33818 -0.01680
-5.76140 12.88800 -1.27290 -0.24695 0.55652 0.14828
-2.30540 2.86680 1.04920 -1.10780 -1.26540 -0.42740
-5.36010 14.50800 1.15840 0.73398 -1.02130 0.70993
-4.47390 8.95150 0.89302 0.19745 -0.59669 -0.15553
-1.60200 9.20560 0.79976 -1.05920 -0.10873 0.68005
-6.26150 13.54700 -3.89610 -0.52522 1.39360 0.03720
-1.76080 2.91270 0.03952 -1.07680 0.15163 -0.68977
-2.91620 12.33500 3.24720 1.08500 -0.85376 0.19746
-3.96950 9.02850 0.15948 0.35809 -0.37776 -0.44534
0.39024 7.60320 -0.16583 -0.27278 0.08868 0.83446
-2.69940 12.94300 -2.32780 -0.35895 1.38050 -0.23289
0.17310 7.20070 -0.00891 0.19870 -0.59196 0.08019
-1.82180 9.62420 -0.26271 0.91573 -0.12534 0.08173
-4.55420 8.15080 2.19220 0.64603 -0.42014 -0.07353
0.53336 6.02970 -0.40773 -0.00052 0.35486 0.25496
-1.10790 12.66500 -1.06530 -0.59200 0.75183 -0.15953
-3.06350 8.13640 -3.54090 -0.24979 0.00867 -0.09601
-0.26396 8.61400 3.74100 0.76198 0.15001 -0.24670
-1.12220 7.98180 -0.64513 0.60228 -0.43884 -0.26425
0.03241 6.82580 -2.01710 0.06972 0.34068 0.37320
-0.49622 12.00700 1.00220 -0.40082 1.36080 -0.31059
0.88902 11.92000 0.08449 -0.55307 0.23425 0.20061
-2.20290 7.88750 2.86160 0.35934 0.62787 -0.35631
-5.96820 16.59100 0.77478 1.03400 -0.97099 0.07152
-1.21160 6.16090 0.72383 0.37769 0.15263 0.19070
-0.31375 9.95070 2.28260 -0.93065 0.16617 -0.25659
-3.92670 14.41400 -0.43887 -0.51732 0.78937 0.43698
-2.50180 4.41960 2.28790 -0.27652 -0.82524 -0.52068
-3.06910 13.67100 2.13460 0.96980 -0.97224 0.44963
-4.17920 8.69610 0.87979 -0.01350 -0.49709 -0.07886
-2.10170 9.76690 0.63448 -1.00220 0.34135 0.37611
-6.24430 13.85500 -2.62720 -0.42484 0.99879 0.06810
-2.18740 3.18270 -0.29271 -1.73010 -0.40469 -0.19223
-4.27840 13.25900 6.59840 0.72122 -0.49948 -0.14810
-3.76060 7.51450 -1.64300 0.10892 -0.58357 -0.27808
0.27246 8.75380 0.99419 -0.52505 0.22987 0.98082
-2.47250 12.61500 -3.37920 -0.63942 1.11720 -0.21419
0.40677 7.18680 -1.07780 -0.34460 -0.43259 0.04588
-1.17320 9.13820 2.41960 1.09340 -0.07721 0.01511
-2.67720 10.48400 1.64260 0.80377 -0.64012 -0.30354
0.38930 6.31750 -0.59692 0.60234 0.26501 0.36392
0.73706 9.55240 2.23110 -0.49928 0.84818 -0.22261
-1.30460 11.67900 0.18953 -0.82350 0.56543 0.36127
-1.77460 6.66730 2.43530 0.30800 -0.34605 -0.50989
-4.35040 10.63500 1.88180 1.04030 -0.82910 0.00172
-1.97230 6.10180 0.35506 0.42473 0.04973 0.14256
-1.19790 10.32800 1.89090 -0.93324 0.17497 -0.23929
-3.63840 13.89600 0.35616 -0.40712 0.81432 0.48366
-3.21310 4.14060 1.75180 -0.35866 -1.01920 -0.51672
-4.52350 14.71100 2.68430 0.99048 -0.86171 0.39493
-4.24180 8.06790 -0.21626 0.02653 -0.27185 -0.04256
-1.35060 9.79090 0.67465 -1.25460 -0.11047 0.28847
-6.44440 13.04300 -2.20580 -0.56317 1.15910 0.04410
-2.03180 3.04070 -0.01623 -1.19080 -0.24232 -0.50891
-2.27960 9.63830 2.46030 0.63240 -1.12410 0.20332
-4.00450 8.87400 -0.87056 0.26407 -0.71182 -0.39549
-0.57820 8.43700 0.45613 -0.43097 -0.02907 0.99690
-3.49940 13.30000 -4.28530 -0.39877 1.21390 -0.16904
-0.00798 6.35750 0.14827 0.31432 -0.92891 -0.19989
-1.12370 9.92280 2.30500 1.20870 -0.13469 -0.13173
-3.27450 11.48100 0.78209 0.74287 -0.53333 -0.20576
0.24590 5.89870 -1.56250 0.69624 0.62831 0.20798
1.45890 10.34900 2.48380 -0.80159 0.29897 -0.34816
-1.90410 13.40700 -0.36076 -0.58376 0.43942 0.39873
-2.40180 5.49150 1.78050 0.00046 -0.58664 -0.85674
-0.86838 13.93900 -0.33250 0.85075 -1.24410 0.41628
-5.55990 8.84550 0.41370 0.23718 -0.18407 -0.21593
-0.90317 9.90660 1.65740 -0.96481 0.23892 0.21388
-4.94370 12.40300 -3.14290 -0.27788 0.89684 -0.12717
-2.61950 3.84790 0.24188 -0.79068 -0.47162 -0.16460
-3.41460 11.90600 3.05160 0.42015 -0.46082 -0.04111
-3.74010 9.90100 -0.94955 0.41556 -0.44708 -0.26889
-1.88530 8.90490 0.92612 -0.21165 -0.06152 0.80653
-2.30800 12.22300 -1.75100 -0.51328 1.37810 -0.06206
0.25887 9.01960 0.65775 -0.03503 -0.31267 0.11366
-1.02750 6.86700 1.98610 0.39484 -0.49742 -0.32445
-5.25930 11.93800 -1.97540 1.00140 -0.79410 -0.47824
-0.55293 4.42140 0.45441 0.40877 0.11317 -0.00098
-0.14075 11.08900 1.70470 -0.90955 0.07700 -0.19574
-3.52820 12.88300 -0.90364 -0.06143 0.59448 0.18727
-3.31450 5.28040 1.85190 -1.48350 -0.87320 -0.25456
0.48738 9.88390 2.62810 0.67197 -0.98148 0.42853
-5.36000 10.39000 0.12418 0.44656 -0.35008 -0.33664
-0.72638 8.40140 1.65270 -0.49913 -0.23065 0.64809
-2.07210 12.38000 -2.95710 -0.54700 1.25610 -0.35268
0.63695 7.79380 0.04337 -0.05635 0.13702 0.24461
-1.60560 9.24150 1.42710 0.66354 -0.18146 -0.39906
-2.95920 9.61580 -1.50100 1.03530 -0.49724 -0.21399
-0.52516 5.62840 -0.49785 0.32874 0.15805 0.46204
-1.65890 11.34200 1.53680 -0.89259 0.49867 -0.14973
-2.34500 12.72500 -0.87288 -0.45251 0.47484 0.37073
-2.49620 4.38600 2.01750 -0.32962 -0.65726 -0.37630
-3.58970 10.35300 1.54170 0.92976 -0.79915 0.42488
-4.10260 8.27630 0.76408 0.15637 -0.37328 -0.04311
-1.56640 9.15890 0.69826 -1.31520 0.10643 0.59811
-7.06360 12.45800 -3.24810 -0.39053 1.00490 -0.03041
-2.51170 2.57230 0.35979 -1.18140 -0.37006 -0.57310
-5.55950 15.60100 5.74670 0.96642 -0.18048 -0.29903
