-0.36476 8.79350 1.05510 -0.85321 0.29723 0.89018
0.00482 7.21740 0.34712 0.22673 0.92664 0.57729
0.79541 5.92930 -0.13972 -0.04546 0.56883 0.72614
-0.01990 7.79880 -0.09520 -0.53223 0.37886 0.91666
-0.12463 8.89920 0.65421 -0.75496 0.47043 0.67255
-0.48653 8.64350 -0.43985 -0.83058 -0.35558 1.06760
-0.65184 9.17210 -0.05994 -0.88066 0.03009 0.34744
-0.09485 9.81840 1.73960 -0.82190 0.27753 0.33038
-0.80746 9.82620 2.42330 -1.00170 -0.40422 -0.01486
-2.38250 9.84640 2.98630 -1.03180 -0.18327 -0.18291
-1.12990 11.56800 1.55810 -0.76973 -0.10255 0.48143
-0.66611 10.54500 1.58800 -0.95374 0.26668 0.25343
0.07265 10.04000 3.41370 -1.13150 -0.79539 -0.17503
0.95816 10.64700 2.45980 -1.06440 0.21809 -0.36401
-1.38560 11.02400 3.13800 -1.06890 -0.12939 -0.30154
-0.92563 11.24000 1.62350 -0.81764 0.04878 0.30826
-0.20999 8.32970 1.35930 -0.90504 -0.27467 0.05701
0.85219 9.69050 2.51540 -0.80028 0.25334 -0.19785
-2.17500 9.98560 3.02850 -1.01580 -0.75337 -0.09573
-1.30790 11.90100 2.32860 -0.54684 -0.46570 0.31194
-0.18274 11.63400 2.19400 -0.83356 -0.39330 0.33118
-0.62556 8.68260 2.50200 -1.18300 -0.31688 0.31705
-0.15546 9.72200 0.88383 -0.69481 0.11261 0.85976
-1.05050 8.93170 -0.44328 -0.93265 0.01082 0.71072
-1.34340 9.02070 0.04304 -0.48511 0.57243 0.80542
-0.39833 6.44900 -0.49530 -0.75926 0.22633 1.04880
0.51317 6.80240 0.35159 -0.66603 -0.02933 0.92615
0.42148 7.63660 0.64546 -0.78081 0.05632 0.81535
0.39125 7.47800 -0.21536 -0.33830 0.43808 0.86923
1.09100 7.66020 0.82077 -0.52321 0.84976 0.65367
0.34503 7.38250 -0.06717 -0.69814 0.22894 0.82066
-0.85251 7.33630 0.64853 -1.22020 0.12880 0.91174
0.34552 8.79120 0.10402 -0.84764 0.31255 0.95927
-0.47524 7.96780 0.56395 -0.47862 0.06621 0.70822
0.71465 5.91880 -0.12488 -1.14920 0.58536 0.87718
-0.18983 7.33570 0.32819 -1.08470 0.28674 0.82574
-0.42102 8.22330 0.53271 -0.92198 -0.07628 0.83633
-0.64226 8.41600 0.93993 -0.75082 0.10216 0.59067
0.41614 7.46240 0.53001 -0.88159 -0.11449 0.98438
-0.10776 7.50100 0.18335 -1.10820 -0.25879 1.01280
-0.66869 7.50840 0.46848 -0.97861 0.17389 0.76463
0.88075 7.97970 0.16281 -0.77560 0.28525 0.51292
0.55623 6.56970 1.09530 -0.31525 -0.61800 0.88680
0.89893 6.46410 1.24170 -0.35979 0.38417 0.55026
0.20154 7.07020 0.44238 0.04724 0.43779 1.04400
1.73910 6.77380 0.24136 -0.14476 0.27672 0.58023
0.82639 8.26290 -0.33026 -0.53305 0.60329 0.88640
0.41844 8.02420 0.04129 -0.60876 0.26129 0.82787
-1.39810 10.04300 1.72840 -0.84488 -0.12654 -0.20236
-0.96172 11.30900 2.87050 -1.05530 0.30547 0.07637
-0.16272 10.48200 1.92820 -1.01470 0.14380 0.05196
-0.46957 10.62000 2.26080 -1.06560 0.10715 -0.07118
-1.90650 10.08100 0.89868 -0.80966 0.06798 0.91873
-1.65370 9.36520 1.37700 -1.01250 -0.10736 0.20728
-0.79608 9.97200 1.43210 -1.06860 0.28754 0.32837
-0.94159 10.89100 1.66000 -0.98071 0.02657 0.15337
-1.84470 9.46890 0.95322 -1.06970 0.31622 0.17802
-0.61244 9.65680 -0.07385 -0.87613 0.26707 0.79324
-0.21167 10.48400 2.16150 -0.95512 -0.07602 0.38017
-0.12834 11.44000 2.38490 -0.96542 -0.20296 -0.12968
0.01289 10.85900 2.93590 -0.92891 -0.28610 -0.40703
-2.91990 10.91000 2.13980 -0.99287 -0.13725 0.19473
-0.62849 9.90410 1.52210 -0.85722 0.44110 0.30833
-0.94920 10.50000 1.53530 -0.99873 0.32774 -0.05959
-0.63165 10.40600 2.39880 -1.03360 0.19148 0.33607
-0.09813 10.23400 -0.47633 -0.69189 0.54805 0.89861
-0.60770 7.13040 0.62038 -0.33159 -0.63477 0.59154
-1.07120 7.86930 -0.35362 -0.62988 0.74913 0.74692
0.50566 6.98000 0.58020 -0.38310 0.33266 0.89253
-0.25471 7.62390 0.74995 0.06360 0.11096 0.66124
1.53450 6.83780 -0.97719 0.05647 0.26900 0.62616
-0.21246 5.02970 -0.24384 0.30836 0.96237 0.40393
-1.57510 5.88850 -0.11603 0.55954 0.09833 0.29742
-1.22320 6.67540 -0.44048 0.30330 -0.00775 0.02763
-5.52580 9.18630 -0.13062 0.21358 -0.40102 0.03325
-4.65860 7.34910 -1.81500 0.34618 -0.26868 0.01297
-5.06600 9.46150 -1.51610 0.34058 -1.06850 -0.12343
-3.59570 7.83360 -0.69894 0.24646 -0.63783 -0.20920
-1.42080 6.75150 -2.41170 0.25818 -0.50476 -0.09578
-1.59890 10.51100 1.14350 0.29781 -0.24373 -0.26337
-1.46290 9.68320 -0.06172 0.61043 -0.36459 -0.27489
-3.14820 9.46700 -1.56580 0.97119 -0.84015 0.07088
-2.92640 16.05300 0.79132 1.26640 -0.73730 0.26398
-1.80430 13.54700 0.01047 1.05700 -0.76372 0.29112
-2.00580 16.71900 6.22410 1.09960 -1.15880 0.32297
-2.25320 14.07900 0.22658 0.96106 -1.21400 0.41100
-3.76810 17.79800 5.10010 1.06970 -0.65916 -0.59624
-0.32794 12.36700 3.60380 1.23000 -0.13724 -0.19234
-0.51756 10.25500 1.59160 1.22400 -0.58818 -0.40787
-0.29823 7.31170 1.95400 0.89413 -0.39961 -0.17700
-2.57730 5.38300 2.64870 0.44070 -0.65379 -0.57021
-3.02650 2.97000 0.96144 -0.73891 -0.76822 -0.71877
-0.89751 2.95350 -0.29358 -0.42395 -0.36652 -0.57683
-0.85191 5.64880 0.26154 0.33324 0.98459 -0.58328
0.37747 7.68450 0.47292 0.08080 -0.11902 -0.24956
-0.03163 8.95030 0.51198 -0.33896 0.02316 0.11829
0.28386 10.90100 -0.38342 -0.47379 0.22661 0.27661
-3.23810 14.05800 -1.15610 -0.18195 0.43013 -0.02423
-5.56210 13.18000 -1.95460 -0.55386 1.17610 0.05008
-4.75260 12.45500 -4.27620 -0.06130 1.82810 -0.45349
-3.70030 13.21400 -2.36510 -0.59534 1.56190 -0.14067
-0.59406 11.13900 2.63260 -0.75320 0.54385 -0.45406
-1.51480 9.64780 1.57830 -1.11920 0.16881 0.07741
-1.29540 8.77120 1.49200 -0.91098 0.36578 0.55658
-0.18268 7.73260 0.94133 -1.11510 0.13608 0.58266
-0.23425 7.47400 0.47771 0.05214 0.05189 0.89700
0.44818 6.06040 0.36620 0.42528 -0.11917 0.24570
-4.38540 8.32730 0.89600 0.15994 -0.25153 0.03712
-2.02960 7.59290 -1.43600 0.22752 -0.84642 -0.44614
-2.53360 8.30090 0.24969 0.56168 -0.57159 -0.34311
-2.51490 8.43780 1.42730 0.69778 0.00455 -0.27307
-4.72070 9.56230 -0.69144 0.85301 -0.72653 -0.19267
-1.92280 17.46800 2.42610 1.17280 -0.57169 0.50336
-3.79280 14.85500 1.82180 0.80537 -0.92374 0.32861
-1.74270 13.10100 2.84920 0.99129 -0.87282 0.22466
-4.56320 16.63600 5.60430 0.87482 -0.15024 -0.76108
0.98743 10.70200 2.33750 1.35510 -0.12144 -0.05560
-1.35080 7.89130 3.09630 0.88542 -0.07225 -0.45804
-1.56020 7.35850 2.95710 0.62079 -0.16158 -0.41153
-3.06180 5.79700 1.96350 -0.15845 -0.20863 -0.30861
-3.33880 4.94150 0.67065 -0.10736 -1.33880 -0.42224
-2.22630 2.73170 -0.69289 -1.18670 -0.52788 -1.11360
-0.63145 3.63220 -0.22859 -0.72678 -0.19582 -0.56342
0.12764 8.54110 -0.28865 -0.34285 -0.17328 0.04666
-2.55110 12.66600 -0.68088 -0.57529 0.60678 0.44775
-6.31270 14.68100 -0.47464 -0.31419 0.41669 0.43373
-4.36720 12.09700 -3.67320 -0.48112 1.05170 0.06903
-6.52530 13.53500 -2.94500 -0.40260 1.49340 -0.22229
-2.37860 12.90600 1.67320 -0.47873 1.53270 -0.36279
-1.41330 11.54700 1.66680 -1.14380 -0.18880 -0.15813
-0.80585 9.09850 0.56120 -0.62822 -0.09302 0.67419
-0.18192 6.64400 -0.63339 0.52260 0.67542 0.48430
-2.83450 6.73090 0.24670 0.24095 0.15016 -0.00154
-6.18920 10.00700 -0.43556 0.18964 -0.35764 -0.20593
-2.26920 9.23880 1.59690 0.44708 -0.39793 -0.24518
-2.93290 16.00600 2.45420 0.84303 -0.96819 0.00900
-3.62380 15.53600 2.10340 1.02170 -0.80577 0.44345
-3.24660 18.63800 3.78180 1.09050 -0.36420 -0.29187
-0.56563 9.75380 0.63686 0.78227 0.06964 -0.30379
-2.98680 5.77310 2.23160 0.07393 -0.09580 -0.52075
-1.23300 3.90040 0.24460 -1.79020 -0.77394 -0.50412
-0.59581 8.86260 -0.14330 -0.54124 0.34364 0.39171
-1.29580 10.71500 -0.88768 -0.45790 0.37450 0.45311
-5.24070 11.17200 -2.40130 -0.44083 1.21410 0.09299
-4.24510 13.11200 -3.24130 -0.68779 1.15190 -0.13029
0.21519 10.17100 3.49070 -1.00110 0.78864 -0.19081
-2.24720 10.43300 1.40110 -1.06480 0.55560 0.58669
-0.47411 8.29910 0.29736 0.04456 0.05344 0.34126
-1.14320 5.28980 -0.79668 0.40891 0.01352 0.06638
-4.06550 8.87030 -0.73393 0.04977 -0.35965 -0.23405
-0.75209 8.82100 2.68300 0.62001 -0.44594 -0.14767
-3.58920 17.25400 1.96410 1.29690 -1.07740 0.03243
-1.53750 14.81800 2.67030 0.93481 -0.75899 0.34781
-6.10050 14.29100 7.08500 0.75490 0.39685 -0.70447
-2.14150 7.00920 2.55440 0.27322 0.38960 -0.14680
-3.13830 4.74750 1.48520 -0.88330 -0.75189 -0.52303
-1.43860 3.27700 -0.27225 -0.70650 -0.12184 -0.73438
1.16530 9.68320 -0.41003 -0.51181 0.79349 0.34348
2.57510 13.49800 -0.06046 -0.52119 0.31409 0.63905
-5.76140 12.88800 -1.27290 -0.24695 0.55652 0.14828
-6.26150 13.54700 -3.89610 -0.52522 1.39360 0.03720
-2.69940 12.94300 -2.32780 -0.35895 1.38050 -0.23289
-1.10790 12.66500 -1.06530 -0.59200 0.75183 -0.15953
-0.49622 12.00700 1.00220 -0.40082 1.36080 -0.31059
-0.31375 9.95070 2.28260 -0.93065 0.16617 -0.25659
-2.10170 9.76690 0.63448 -1.00220 0.34135 0.37611
0.27246 8.75380 0.99419 -0.52505 0.22987 0.98082
0.38930 6.31750 -0.59692 0.60234 0.26501 0.36392
-1.97230 6.10180 0.35506 0.42473 0.04973 0.14256
-4.24180 8.06790 -0.21626 0.02653 -0.27185 -0.04256
-4.00450 8.87400 -0.87056 0.26407 -0.71182 -0.39549
-3.27450 11.48100 0.78209 0.74287 -0.53333 -0.20576
-0.86838 13.93900 -0.33250 0.85075 -1.24410 0.41628
-3.41460 11.90600 3.05160 0.42015 -0.46082 -0.04111
-1.02750 6.86700 1.98610 0.39484 -0.49742 -0.32445
-3.31450 5.28040 1.85190 -1.48350 -0.87320 -0.25456
0.63695 7.79380 0.04337 -0.05635 0.13702 0.24461
-2.34500 12.72500 -0.87288 -0.45251 0.47484 0.37073
-7.06360 12.45800 -3.24810 -0.39053 1.00490 -0.03041
