-0.36476 8.79350 1.05510 -0.85321 0.29723 0.89018
2.00150 11.10900 2.61920 -0.72017 0.38849 -0.28401
-2.16440 13.92800 -4.42250 -0.38049 1.20280 -0.21313
-0.31944 13.31800 -0.23203 0.12781 0.38007 0.55289
-0.32375 5.26270 0.32234 0.44637 -0.51059 -0.11310
-1.13400 4.53830 2.29750 0.01277 -0.56776 -0.45508
-1.03630 15.61200 2.64150 1.12030 0.23232 -0.27876
-0.49698 18.67700 0.93738 0.91089 -0.61214 0.19740
0.58017 7.58780 0.44392 0.29565 -0.40312 -0.43927
-1.88540 8.08700 0.84744 0.38123 -0.60965 0.26648
0.00482 7.21740 0.34712 0.22673 0.92664 0.57729
-1.37170 11.80500 2.58530 -1.09100 0.51074 -0.46768
1.65110 13.00300 -2.63050 -0.48589 1.53810 0.00912
-2.36530 14.49700 -0.50906 -0.64081 0.35274 0.27689
0.14088 6.32750 -0.58902 -0.24977 -0.14560 -0.30424
-2.59020 3.72380 1.42210 -0.09056 -0.80806 -0.78926
-0.09305 11.10500 1.92600 1.28810 -0.19418 -0.01248
0.50058 16.24500 -1.83850 0.87152 -1.01730 0.34993
0.85995 8.95320 2.87500 0.40945 -0.68399 -0.36385
-3.45870 7.92030 -0.53719 0.22995 -0.60645 0.32436
0.79541 5.92930 -0.13972 -0.04546 0.56883 0.72614
-1.16820 11.53200 2.76510 -0.93494 0.39465 -0.32262
-0.85884 13.88400 -2.63910 -0.60170 1.72620 0.11360
-2.38070 14.13000 -0.27115 -0.43193 1.22340 0.41055
0.13646 4.56420 -0.13918 -0.60956 -0.14157 -0.42845
-1.81330 4.81330 2.38570 0.43823 -0.68108 -0.36055
-1.78660 13.41100 3.56630 1.06660 -0.42432 -0.12439
0.37456 14.88300 -3.20840 0.93538 -0.96164 -0.13741
-0.94312 9.31800 0.45888 0.27605 -0.72877 -0.18771
-1.57790 6.14770 0.41434 0.80246 -0.10600 0.05042
-0.01990 7.79880 -0.09520 -0.53223 0.37886 0.91666
0.80583 10.36000 3.82800 -0.53178 0.66620 -0.51129
-3.99250 14.62500 -4.93570 -0.50943 1.40110 -0.16504
-0.34283 12.45800 -0.50731 -0.72392 0.41496 0.61642
-0.46721 2.81920 -0.74924 -0.60907 -1.08660 -0.96344
-1.93080 6.46220 2.44030 0.58360 -0.40843 -0.23781
-0.89644 10.78200 3.54870 0.96046 -0.79013 0.20206
-3.36000 12.75100 -0.30786 0.73399 -0.92676 -0.10893
-2.82990 8.63580 -0.91246 0.07353 -0.70470 -0.15627
-1.63800 4.74730 0.01866 0.71426 0.60150 0.51186
-0.12463 8.89920 0.65421 -0.75496 0.47043 0.67255
1.34150 10.80900 3.18880 -0.61621 1.66870 -0.23911
-5.55020 15.08100 -4.23200 -0.44408 1.32830 -0.04446
1.68050 9.78550 -0.08633 -0.65360 0.83186 0.51582
-2.25760 3.04840 0.00316 -1.12700 -0.46948 -1.18490
-0.25664 6.14690 1.73230 0.48914 0.13220 -0.17474
-2.04500 12.91600 3.33710 0.49727 -0.09616 0.37163
-1.16530 9.23070 -3.07530 0.91400 -0.32219 -0.47868
-3.12890 9.15560 0.42171 0.22124 -0.77231 0.08618
0.40259 4.84700 -0.71405 1.08410 -0.13126 0.18738
-0.48653 8.64350 -0.43985 -0.83058 -0.35558 1.06760
2.62890 10.20500 3.17100 -0.58856 1.06780 -0.26627
-8.08300 13.59600 -4.33290 -0.50984 1.46670 0.05626
1.91790 12.21700 -0.27591 -0.54063 0.90518 0.48218
-1.37460 1.64770 -0.87457 -1.84910 -0.71669 -0.58606
-1.28930 8.20280 2.95920 0.39688 0.20935 0.16232
-6.27110 14.75300 5.14970 0.54422 -0.77153 0.22034
-1.14810 7.02490 0.21739 0.70224 -0.17636 -0.36584
-5.06210 10.80300 0.26491 0.15656 -0.61810 0.00958
-0.70380 3.90900 -0.17088 0.39174 0.05124 0.56487
-0.65184 9.17210 -0.05994 -0.88066 0.03009 0.34744
0.19185 11.42200 0.82956 -0.52368 1.73980 -0.15085
-5.25230 15.35600 -1.37930 -0.62094 1.32810 0.23624
1.78440 7.60940 -0.03395 -0.50679 0.50769 0.09798
-2.77630 2.34990 0.47795 -0.86835 -1.77580 -0.85555
0.46794 9.04070 1.68200 1.13640 0.01329 -0.06348
-2.48030 12.77100 2.78430 0.86748 -0.95007 0.27164
-1.81040 7.88020 0.07962 0.56017 -0.56548 -0.31982
-2.79990 8.90190 -0.41176 0.25244 -0.20561 -0.16850
-0.17735 5.50760 0.09451 0.32172 0.49396 0.68858
-0.09485 9.81840 1.73960 -0.82190 0.27753 0.33038
0.20488 11.64800 0.39529 -0.48485 1.91740 -0.01326
-4.65640 14.69400 -2.42660 -0.41907 1.13190 0.16933
1.37850 8.26460 -0.31607 -0.05733 0.29607 -0.02931
-2.81590 3.20650 -0.20537 -1.11090 -0.57736 -0.62952
-0.30981 8.14590 1.88010 0.97305 0.04688 -0.33012
-2.42650 17.76500 2.57780 0.96901 -1.07890 0.42628
0.78360 8.31230 -0.56223 0.68485 -0.42639 -0.39127
-3.73660 8.60380 0.53362 0.23535 -0.25797 0.22398
-0.74533 5.35470 -0.39645 0.21925 0.51218 0.52722
-0.80746 9.82620 2.42330 -1.00170 -0.40422 -0.01486
0.53868 13.41000 -1.66120 -0.40649 1.23510 -0.17462
-4.93400 13.64800 -1.93220 -0.58824 0.92424 0.27591
1.30540 9.19500 0.68562 0.02365 0.14661 -0.09526
-2.01150 2.24180 0.62276 -0.05714 -0.69508 -0.67236
0.58812 9.09630 1.69340 1.07350 -0.04643 -0.04478
-1.28360 16.20200 0.39246 0.67664 -0.97981 0.42574
-0.29108 9.02600 3.36340 0.71545 -0.44510 -0.30273
-4.01840 9.56670 -0.57788 0.10863 -0.70532 0.04382
0.95114 5.87870 0.26012 0.21188 0.40891 0.78697
-2.38250 9.84640 2.98630 -1.03180 -0.18327 -0.18291
-0.46185 11.58000 0.49789 -0.20044 1.87840 -0.13657
-5.36780 16.07100 -0.36418 -0.54759 1.19850 0.38605
1.54700 6.47840 0.82335 -0.24461 0.27307 -0.18887
-3.51310 2.69000 0.55612 0.34692 -0.75964 -0.58144
0.36942 9.69810 1.21260 1.18350 0.06622 -0.27713
-1.24930 15.54200 -1.07020 1.08350 -1.45580 0.64937
-0.36693 8.42320 3.04570 0.79944 -0.79608 -0.36337
-4.94330 8.35860 -0.85980 0.05623 -0.49174 0.08417
0.14438 4.89060 -0.51929 0.38390 0.44540 0.57146
-1.12990 11.56800 1.55810 -0.76973 -0.10255 0.48143
0.83673 10.07000 0.92279 -0.33920 1.75090 -0.25600
-7.97320 15.07200 -0.96936 -0.76332 0.79381 0.25002
2.85080 7.73200 0.34155 -0.49065 0.57555 0.16597
-4.73580 1.82920 0.16310 -1.15570 -2.10800 -0.80655
1.95880 9.32760 2.06420 1.03810 0.15562 0.01265
-2.30020 12.47600 4.11710 0.88564 -0.75243 0.62326
-1.68530 8.89900 0.64099 0.74915 -1.12360 -0.54153
-4.74010 9.04740 -0.64534 0.03590 -0.90773 0.05182
-0.48270 4.60240 -0.68970 0.47298 0.91693 0.55202
-0.66611 10.54500 1.58800 -0.95374 0.26668 0.25343
3.64160 11.35000 -0.18295 -0.51045 1.65900 -0.04315
-6.56720 15.35000 -2.46220 -0.61882 1.12180 0.20644
0.03032 7.35390 -0.09102 -0.27155 0.55920 0.06656
-1.37030 2.74500 0.31094 -0.57661 -1.72430 -0.78934
-0.68298 10.06100 2.81440 1.07080 -0.10185 -0.63800
-4.00350 16.24000 4.81050 1.01030 -0.43860 0.44479
-1.39940 8.59400 0.12210 0.29419 -0.40817 -0.42953
-3.00890 7.78630 0.17255 0.42505 0.07477 -0.01256
-0.32085 6.18190 -0.39891 0.35234 0.23413 0.94576
0.07265 10.04000 3.41370 -1.13150 -0.79539 -0.17503
-2.20120 12.90100 -2.41920 -0.36703 0.92828 -0.01488
-4.36190 13.98400 -2.91000 -0.56866 0.78940 0.30913
0.02441 7.19500 0.65175 0.04451 1.01190 -0.10481
-1.24370 2.89940 0.91161 -0.17407 -0.84410 -0.54314
1.88830 11.68400 2.74130 1.74550 0.20273 -0.76628
-8.11190 16.68300 2.72250 0.72194 -1.14230 0.52928
0.81366 7.19400 0.32040 0.05304 -0.47714 -0.54633
-1.56030 6.63240 1.63650 0.48143 0.14542 -0.01204
0.93825 6.60420 0.19452 -0.23195 0.00351 1.09670
0.95816 10.64700 2.45980 -1.06440 0.21809 -0.36401
-3.45680 13.77800 -4.68330 -0.22229 1.92850 -0.11969
-2.32690 14.18100 -2.51290 -0.68315 0.41042 0.58984
1.02450 6.25800 0.50626 0.31323 -0.22768 -0.46919
-2.85840 3.57800 0.36095 0.31438 -1.20640 -0.00197
-0.16486 11.62000 1.14380 1.24960 0.53091 -0.18924
-4.24120 18.35000 3.81540 1.23670 -1.08470 0.28101
0.54646 13.12400 -0.40085 0.32840 -0.46704 -0.42636
-4.36930 5.28270 2.27160 0.29247 -0.50319 0.19899
0.03926 7.04270 0.72394 -0.37411 0.42439 0.76065
-1.38560 11.02400 3.13800 -1.06890 -0.12939 -0.30154
-0.55281 13.34900 -3.37500 -0.37584 1.82890 -0.25737
-2.96140 18.23300 -0.87245 -0.18546 0.80078 0.35779
0.84071 5.24150 0.55434 -0.32770 -0.12834 -0.17099
-2.06120 3.11820 1.13790 0.11545 -0.45821 -0.82327
-1.72150 11.75200 3.46880 1.02310 0.00053 0.09170
1.75530 13.04800 -0.79770 0.92433 -0.97948 0.44473
-1.77850 6.94390 0.19240 0.63080 -0.57614 -0.41359
-3.85680 9.39300 -0.18674 0.11966 -0.73270 -0.11583
0.69185 6.64790 -0.41096 0.56010 0.94188 0.49268
-0.92563 11.24000 1.62350 -0.81764 0.04878 0.30826
1.66780 9.91800 -0.11978 -0.48982 1.48780 -0.14714
-8.18190 16.17200 -1.66390 -0.46404 0.81342 0.12848
0.44839 8.28100 -0.22636 -0.27789 0.47601 0.12988
-1.37800 1.81740 0.34177 -1.43430 -0.38118 -0.43703
-1.26140 9.73120 2.62650 1.18910 -0.25110 -0.19975
-2.61990 13.26800 2.53960 0.97839 -1.69530 0.45894
0.02266 7.88940 -2.11890 0.46774 -0.46327 -0.52579
-4.93500 10.91100 0.83211 0.24414 -0.52863 0.07121
0.19247 5.20020 -0.76021 -0.02512 0.34775 0.59554
-0.20999 8.32970 1.35930 -0.90504 -0.27467 0.05701
0.02696 12.35100 -1.24960 -0.36378 1.44870 -0.26224
-5.29690 16.07900 -2.36420 -0.58078 0.86969 0.48642
0.69695 7.03710 0.08966 -0.80457 0.42801 -0.37704
-1.24960 2.13350 0.81721 -0.10548 -0.74962 -0.08061
-1.73450 15.05100 3.11960 1.11360 0.01410 -0.29765
-3.64420 9.81140 1.62620 0.86964 -0.78876 -0.13399
-2.28590 9.71440 0.36716 0.50400 -0.79491 -0.41534
-2.96250 6.54520 -0.96735 0.57271 0.06674 0.05615
-0.17513 6.94420 -0.30350 -0.57475 0.74783 0.57323
0.85219 9.69050 2.51540 -0.80028 0.25334 -0.19785
-1.37700 14.10200 -3.50210 -0.44919 1.54390 -0.11362
-2.14400 13.96600 -0.58029 -0.38982 1.09780 0.49313
-0.22516 6.09330 -0.43961 0.65370 0.07086 -0.38614
-1.97030 3.59220 1.35430 -0.00284 -0.82982 -0.33804
-2.31780 12.44000 1.86650 1.31690 0.17416 -0.28867
-2.16430 18.52600 3.15590 1.04840 -1.14580 0.19659
-0.67928 10.36400 -1.41070 0.44749 -0.29338 -0.36731
-2.72460 7.73380 1.56860 0.21999 -0.41451 0.45386
-0.33685 6.66590 0.58353 0.05629 0.38609 0.50706
-2.17500 9.98560 3.02850 -1.01580 -0.75337 -0.09573
-1.31520 13.64000 -1.52030 -0.56245 1.25580 -0.01183
-7.15490 15.30900 0.02831 -0.06685 0.95189 0.25528
1.36620 7.79030 -0.15950 -0.29442 0.11717 0.30388
-1.81430 2.93830 1.71710 -0.81950 -0.84348 -0.33641
-0.06590 9.39580 1.18440 1.00950 -0.16849 -0.04535
-0.78041 10.18000 1.33520 0.79329 -1.01440 0.44792
-1.96980 10.57500 0.40363 0.50664 -0.98166 -0.45648
-3.74490 11.53600 -1.07140 0.12003 -0.96201 -0.11609
-0.29323 4.33630 -0.40923 0.27719 -0.07118 0.55650
-1.30790 11.90100 2.32860 -0.54684 -0.46570 0.31194
0.32005 10.35800 1.92040 -0.28043 1.73100 -0.04811
-6.52440 14.65100 -1.36350 -0.53439 1.71680 0.25496
1.20930 7.10020 0.81664 -0.31801 0.81870 0.08881
-1.40830 2.14000 -0.73901 -1.67070 -0.88243 -0.51172
-0.49277 10.04400 2.20530 1.15990 -0.22787 -0.37041
-3.41010 14.72500 3.43680 0.82834 -1.45270 0.58250
-1.54940 8.37330 -1.38790 0.39467 -0.75641 -0.51192
-5.47960 8.45740 -0.32867 0.02582 -0.47017 -0.01895
0.68245 3.87970 -0.56140 0.68092 0.46584 0.64351
-0.18274 11.63400 2.19400 -0.83356 -0.39330 0.33118
0.76009 11.33100 1.41100 -0.53241 1.54890 -0.14026
-5.99180 15.62200 -2.93790 -0.36673 1.30840 0.11717
0.30211 10.11100 0.33455 -0.38945 0.54761 0.13138
-1.20060 1.36370 -0.51131 -0.48834 -0.08118 -0.42529
-0.89949 7.90800 0.67253 0.71379 -0.16753 -0.05827
-1.46760 14.09700 1.41830 0.79970 -0.94937 0.24501
-1.79430 9.23760 1.88320 0.65726 -0.83606 -0.22229
-4.45620 8.34800 -0.50220 0.39149 -0.60840 -0.28210
0.49901 5.79390 0.31190 0.57809 0.35216 0.42943
-0.62556 8.68260 2.50200 -1.18300 -0.31688 0.31705
-0.22673 13.25400 0.16458 -0.39555 1.45510 -0.27155
-6.80280 15.16400 -2.01590 -0.56129 0.96664 0.15163
2.10600 8.91230 0.28876 -0.55388 0.20471 0.46425
-2.48860 2.41210 -0.40430 -0.69522 -1.38930 -0.68520
-0.77162 7.39540 2.23570 0.96729 -0.35184 -0.13303
-2.52610 12.44200 -0.05454 0.77469 -1.05240 0.36493
-2.66960 9.18750 2.74110 0.60976 -0.75642 -0.23576
-4.18200 9.26240 -1.76340 0.04930 -0.31850 -0.17404
-0.52435 4.97630 -0.46768 0.50000 0.58987 0.34703
-0.15546 9.72200 0.88383 -0.69481 0.11261 0.85976
1.32960 10.36400 2.45430 -0.61899 1.79700 -0.08673
-8.54640 12.18200 -1.08220 -0.58200 1.34650 0.12419
1.59650 11.08900 0.48787 -0.87367 0.76816 0.47754
-2.29130 1.89150 -1.01330 -2.20700 -0.31647 -0.59059
-0.10416 6.70220 3.83980 0.44479 0.07619 -0.24461
-3.08160 11.74800 6.12550 0.66205 -0.62270 0.15631
-1.10630 7.25700 -2.31970 1.00860 -0.71715 -0.37294
-3.85490 8.19100 -0.66919 0.08490 -1.07350 -0.42599
-0.51613 4.55100 -1.15110 1.07190 1.32020 0.34436
-1.05050 8.93170 -0.44328 -0.93265 0.01082 0.71072
5.30170 10.19900 2.35420 -0.96997 0.30359 -0.67522
-8.26620 15.27900 -4.37980 -0.70024 0.80145 0.09506
1.19920 10.69500 -1.18230 -0.91341 0.42381 0.53246
-1.48310 3.47290 0.07089 -0.37793 -0.19810 -0.71455
-0.78978 6.68970 3.44550 0.62718 -0.15536 -0.20595
-4.06470 15.54900 4.57690 1.13970 0.41064 -0.02747
-3.22920 10.45300 3.33080 0.70894 -0.00546 -0.20224
-1.99610 6.72220 0.05974 0.06477 -0.97714 -0.57945
-1.11270 5.02030 -0.55876 0.59033 0.03310 0.45366
-1.34340 9.02070 0.04304 -0.48511 0.57243 0.80542
0.57669 10.35600 4.27560 -0.96225 0.39510 -0.15535
-3.16860 14.92600 -6.07890 -0.38641 1.40370 -0.06686
-3.04960 11.86200 -1.34040 -0.61792 1.04640 0.34833
0.39986 5.55190 0.01192 -0.37962 0.67085 -0.15085
-1.70890 3.70890 1.77320 0.18156 -0.81151 -0.36467
-1.85710 13.59300 4.78730 1.34680 -0.21191 -0.33510
-5.96640 8.30490 0.09683 1.06480 -0.76794 0.25171
-0.58147 8.31940 0.90669 0.16263 -0.87904 -0.45773
-3.08510 6.14120 -0.74274 0.53702 -0.02043 0.32304
-0.39833 6.44900 -0.49530 -0.75926 0.22633 1.04880
0.89568 10.44100 2.88570 -1.01780 0.25035 -0.38840
-4.37120 14.77400 -4.95710 -0.15115 1.58700 -0.03859
-1.48270 14.44300 -0.41005 -0.62572 0.62685 0.63347
-0.67769 4.21080 0.47057 -1.11680 0.14456 -0.51274
-1.64400 3.96950 2.56600 -0.03746 -0.55551 -0.36552
-5.39810 16.13200 6.88560 0.84958 -0.05252 -0.52351
-2.91400 9.19240 1.45070 0.99518 -0.76019 -0.05031
-1.22970 7.11170 -0.25868 0.34636 -1.00140 -0.71585
-2.26890 6.82600 0.22539 0.84599 -0.12921 -0.05530
0.51317 6.80240 0.35159 -0.66603 -0.02933 0.92615
0.38670 11.46700 3.17680 -1.04030 -0.30569 -0.43347
-3.71690 12.84700 -5.24240 -0.44455 1.34300 -0.23270
-2.20870 14.39300 -0.86171 -0.13203 0.35324 0.71664
1.36320 4.97840 -0.25902 0.21457 1.65050 -0.34521
-3.03640 4.50890 3.28400 0.10414 -0.98952 0.04593
0.45833 15.92900 1.28490 0.97537 -0.16414 -0.24950
-8.81590 15.15600 6.27430 1.07390 -0.91887 -0.31329
0.96219 11.99800 -0.58133 0.38412 -0.59724 -0.55183
-1.49740 5.08570 0.92300 0.59302 0.16689 0.16161
0.42148 7.63660 0.64546 -0.78081 0.05632 0.81535
1.00200 10.95500 2.93020 -0.83002 0.15549 -0.57314
-2.83690 14.68600 -5.36340 -0.73268 1.56750 -0.11713
-1.49150 13.31000 -0.45830 -0.62001 0.55939 0.72691
0.44054 3.42350 -0.56314 0.06230 0.13969 -0.50691
-3.11970 5.46230 2.57470 0.30743 -0.99669 -0.64748
-0.02615 13.62600 2.76440 1.31140 -0.48505 -0.01765
-4.02940 17.18800 1.81960 1.21590 -1.32850 0.05150
-1.30270 7.84300 -0.97174 0.38000 -0.26436 -0.33017
-2.21950 6.77660 0.81657 0.68007 0.09837 0.07716
0.39125 7.47800 -0.21536 -0.33830 0.43808 0.86923
-0.18065 11.31700 3.32680 -0.92677 0.28940 -0.44205
-4.13530 13.37900 -4.27650 -0.70132 1.43860 -0.17200
-2.50970 13.72600 -1.90460 -0.74879 0.52161 0.37129
0.18251 4.91810 -0.30125 -0.78542 -0.59897 -0.44379
-1.81340 4.29810 2.07260 0.33417 -0.21300 -0.45993
-2.59150 11.28700 4.19010 1.04300 -0.67310 -0.10504
-2.20300 13.21900 -1.35950 0.85381 -1.34900 0.06943
-1.24660 8.10100 0.29730 0.38358 -0.66965 -0.34023
-3.36480 5.81480 -0.40935 0.79659 0.03628 0.22690
1.09100 7.66020 0.82077 -0.52321 0.84976 0.65367
0.08926 11.22400 3.28240 -0.90858 0.88531 -0.05910
-2.71300 13.20000 -2.85590 -0.68323 1.97360 -0.15752
-2.27240 13.93700 -1.00100 -0.63934 0.64575 0.50240
0.36726 4.74240 -1.09630 -0.82961 -0.02321 -0.34268
-2.61340 4.53670 1.80510 -0.07350 -0.43616 -0.42711
-3.49390 13.96400 4.95250 1.04670 -0.39069 -0.50351
-2.94460 10.06300 2.43140 1.16060 -0.91817 0.08943
-2.25450 7.77360 0.18359 0.22789 -0.45316 -0.40947
-1.82450 7.21080 0.42049 0.70566 0.09012 0.16656
0.34503 7.38250 -0.06717 -0.69814 0.22894 0.82066
0.00676 11.51700 2.87930 -0.91379 0.32681 -0.38165
-4.08130 13.64200 -3.54770 -0.33885 1.28760 -0.14799
-0.99812 14.08900 -0.45364 -0.68221 0.58665 0.45413
-0.76556 3.82030 -0.03001 -1.63460 -0.76669 -1.13880
-2.20760 4.26100 4.16670 0.14430 -0.04370 -0.35895
-3.28530 18.81600 5.35750 0.52425 -0.32759 0.30443
-1.19380 3.51600 -1.59790 0.85132 -0.43231 -0.58414
-5.57090 12.03900 0.20305 0.05130 -0.79651 -0.18793
-0.00603 3.39070 -0.13496 1.01100 0.38293 0.06511
-0.85251 7.33630 0.64853 -1.22020 0.12880 0.91174
2.11130 9.28350 3.32540 -0.98846 0.79477 -0.03072
-5.60880 14.82300 -5.68060 -0.43137 1.59400 -0.13225
0.04600 13.36200 0.18193 -0.66350 0.82787 0.54716
-0.22366 4.02580 -0.34064 -0.85474 0.33675 -0.57787
-1.93480 5.39740 2.56220 0.35963 -0.05919 -0.65758
-4.86710 17.21100 6.23030 1.24830 -0.18990 0.04680
-4.45480 11.04600 3.04460 0.96127 -0.83849 -0.11902
-3.77040 6.19380 -0.55392 0.07758 -0.62778 -0.48645
-1.26830 5.41330 -0.42894 0.76070 0.50493 -0.09386
0.34552 8.79120 0.10402 -0.84764 0.31255 0.95927
1.30940 10.42100 2.72860 -0.83873 0.73109 -0.49767
-4.94530 13.49700 -4.96700 -0.57051 1.42150 -0.02724
-0.99417 13.67900 -1.41130 -0.70073 0.58966 0.53201
-0.71898 4.60450 -1.09040 -0.24245 -0.77446 -0.77618
-2.83840 4.35410 1.72000 0.29930 -0.40689 -0.19292
-2.13420 12.58900 3.56560 1.04060 -0.25507 0.10381
-0.28976 12.51000 0.89198 0.84993 -0.88295 -0.03482
-2.13240 13.47900 -0.02472 0.48866 -1.02740 -0.31076
-2.95860 4.89590 -0.70807 0.51215 -0.37788 0.14896
-0.47524 7.96780 0.56395 -0.47862 0.06621 0.70822
-0.17435 11.23100 2.80800 -0.90660 -0.11644 -0.30899
-2.76900 13.85800 -4.00540 -0.46683 1.36520 -0.23215
-3.21240 13.87300 -0.77362 -0.29216 0.80571 0.36229
0.59056 5.50250 0.41905 -0.06445 0.38783 -0.18166
-1.93790 3.37730 1.53720 -0.19476 -0.18846 -0.65686
-1.40380 14.92900 3.10570 1.35420 -0.08943 -0.18677
-1.87720 15.06000 2.28790 0.93575 -1.11440 0.23055
-1.02090 8.00790 -1.45290 0.85205 -0.17935 -0.25232
-4.29940 7.69580 0.19760 0.15451 -0.20944 0.25221
0.71465 5.91880 -0.12488 -1.14920 0.58536 0.87718
-1.46490 11.79400 1.94480 -0.91174 -0.04559 0.03682
-3.16100 10.39600 -3.95820 -0.06992 1.69880 -0.24509
-3.12030 16.18600 0.30263 -0.79736 0.56418 0.50307
1.55510 3.28950 -0.49026 -2.15790 0.41238 -0.05711
-2.46160 5.65990 3.52510 0.02707 -0.54202 -0.54805
-4.98170 15.38200 5.29860 0.87134 -0.97957 -0.08228
-3.48480 9.48490 -1.06850 0.99028 -0.68677 -0.55684
-3.51410 7.10020 0.11226 0.10889 -0.48993 -0.12233
0.49710 5.31530 0.12248 0.79094 0.35512 0.30754
-0.18983 7.33570 0.32819 -1.08470 0.28674 0.82574
2.59830 10.09100 3.99580 -0.85025 0.85986 -0.27879
-5.95100 14.50300 -5.61050 -0.36844 1.24300 -0.06490
-0.21066 12.35800 0.11055 -0.81886 0.73701 0.40506
-1.04210 2.75690 -0.06752 -2.32470 -0.06380 -0.63220
-0.56013 6.01480 2.66230 0.17761 0.08763 -0.60431
-6.04690 16.39100 7.27070 0.63057 -0.67366 0.19878
-1.30830 5.36720 -2.47230 0.96059 -0.54153 -0.40904
-4.35590 8.65050 -0.40294 0.02052 -0.48541 -0.42001
-0.17159 4.47110 -0.40596 0.68736 0.48596 0.09955
-0.42102 8.22330 0.53271 -0.92198 -0.07628 0.83633
0.75375 11.65200 2.81140 -0.74313 0.41985 -0.30563
-5.83930 14.55900 -3.85400 -0.50073 1.31090 0.02849
-0.72462 12.26700 0.03490 -0.47647 0.42075 0.54352
0.26978 3.28060 -0.11006 -0.74294 0.23166 -0.56857
-2.02270 6.67070 2.50900 0.30144 -0.28264 -0.41530
-3.02120 16.44600 3.53760 1.05780 -0.28961 -0.22626
-5.41550 10.08500 3.45990 1.00990 -0.80356 0.04997
-2.67500 7.78050 -1.54120 0.35031 -0.50850 -0.38234
-0.47029 5.58280 1.26110 0.72066 -0.11078 0.47581
-0.64226 8.41600 0.93993 -0.75082 0.10216 0.59067
-0.82401 11.11700 2.43860 -0.69015 0.69907 -0.35403
-3.73580 14.37600 -3.98420 -0.79918 1.44890 -0.16470
-1.55820 12.45300 -0.08913 -1.03640 0.64920 0.58652
-0.01370 3.26110 -0.81303 -0.91756 -0.33966 -0.32219
-2.44320 5.67950 2.35220 0.38042 -0.35870 -0.51065
-2.37160 11.54200 5.15460 1.09150 -0.32635 -0.25482
-0.99126 12.35400 -0.79623 1.24630 -1.14670 0.09067
-1.58630 7.71200 0.56313 0.26953 -0.50439 -0.37082
-2.86770 6.18390 -0.14565 0.71262 0.30470 0.22998
0.41614 7.46240 0.53001 -0.88159 -0.11449 0.98438
0.73824 10.98100 3.01890 -0.97772 0.27467 -0.27440
-6.05340 13.80200 -4.35870 -0.63240 1.58180 -0.00334
-0.93951 14.81600 -0.39511 -0.76132 0.61610 0.43619
0.05437 3.25610 -1.03360 -1.62270 -0.00755 -0.25887
-1.69090 5.38540 2.59980 0.12003 0.08913 -0.23602
-5.22200 15.36500 6.46970 0.79980 -0.72076 -0.10162
-1.14090 7.28050 -0.31822 1.23450 -0.93002 -0.48506
-3.52210 9.55370 -0.24301 0.25754 -1.00240 -0.51906
-0.55980 4.95160 -0.12146 0.76094 -0.29227 0.13547
-0.10776 7.50100 0.18335 -1.10820 -0.25879 1.01280
0.72394 11.23700 3.53350 -0.87659 0.31799 -0.22495
-3.47980 13.11300 -6.06290 -0.52391 1.70610 -0.24849
-1.63860 15.31000 0.62157 -0.39174 0.83098 0.63950
1.34520 2.62690 0.06023 0.17197 0.06946 -0.74657
-3.14110 5.63170 3.21410 0.19676 -0.13387 -0.62465
-1.79420 15.45200 0.74883 1.07620 -0.13907 -0.14198
-2.80740 14.18700 6.69910 0.99477 -0.80913 -0.07088
-2.01140 7.24160 -0.87787 0.08253 -0.75414 -0.59686
-0.78369 5.87190 0.35991 0.63835 -0.01221 0.19009
-0.66869 7.50840 0.46848 -0.97861 0.17389 0.76463
0.27130 11.16500 3.21750 -0.88052 0.65936 -0.30763
-3.22780 14.03300 -5.14980 -0.30687 1.63810 -0.11472
-0.12172 13.52400 0.45317 -0.36652 0.39050 0.60309
-0.25667 4.24340 0.34297 0.03697 -0.24792 -0.20222
-2.96850 5.34300 2.04310 0.54457 -0.33484 -0.43503
-1.87420 12.26400 1.72790 0.91753 -0.25812 -0.07805
-0.35728 16.22700 1.53550 0.94501 -0.96979 0.26843
-1.58280 7.79710 0.48347 0.48174 0.14731 -0.12985
-2.23410 7.70510 0.86981 0.15923 0.01694 -0.06587
0.88075 7.97970 0.16281 -0.77560 0.28525 0.51292
-0.33040 10.61400 2.64710 -0.78455 0.16438 0.13971
-2.88510 12.10400 -0.39372 -0.52235 1.65450 -0.50191
-2.37050 13.33000 0.45166 0.21120 0.74187 0.55646
1.38960 5.60020 0.96405 0.82286 -0.08202 0.11821
1.66860 8.62250 1.79080 0.18883 -0.45154 -0.16489
-0.44743 13.72200 1.40280 -0.19084 0.02261 -0.21402
0.44955 12.63200 -0.69118 0.08730 -0.22913 0.56924
-1.90900 9.42050 -3.19130 0.47099 -0.15442 -0.51404
-1.88160 9.08460 0.73463 0.27623 -0.69655 0.15936
0.55623 6.56970 1.09530 -0.31525 -0.61800 0.88680
-0.96484 10.99100 2.03640 -0.40756 0.25931 0.06273
-1.77980 12.66900 -0.86119 -0.10295 0.97412 0.03841
-0.66824 12.10000 2.27890 -0.09839 0.71458 0.20705
0.64101 7.48270 0.66426 -0.05965 0.23288 -0.22829
-0.88940 4.46250 1.05200 -0.31300 0.00041 -0.21013
-0.02300 10.72300 1.35920 0.72932 -0.25488 -0.19487
-0.19585 16.88700 2.96300 0.70927 -0.93008 0.37833
-0.35010 9.14240 1.01000 0.63042 -0.47383 -0.44975
-1.55460 8.02990 1.17560 0.27823 -0.56242 -0.05222
0.89893 6.46410 1.24170 -0.35979 0.38417 0.55026
-0.47388 9.94770 2.09560 -0.68594 0.52139 -0.42355
1.11690 12.95800 -0.70284 -0.18735 1.20630 -0.18932
-1.31000 12.89300 0.50847 -0.03484 0.72874 0.26884
1.77290 8.26160 0.98781 0.61256 -0.51669 -0.39174
-2.88700 2.17730 0.80022 0.64241 -0.78062 -0.27919
0.76520 10.87500 0.01816 1.31450 -0.23074 -0.37582
0.94376 19.02400 0.20918 0.90758 -0.89560 0.56458
0.38351 10.26100 1.36710 0.56952 -0.39337 -0.30600
-4.13770 7.82570 0.20573 -0.11121 -0.78256 0.07921
0.20154 7.07020 0.44238 0.04724 0.43779 1.04400
-1.53770 11.56700 1.96870 -0.87610 0.21445 -0.40958
-1.22240 13.67400 -1.24790 -0.00018 1.53970 -0.05212
-2.05890 13.92300 -0.31073 -0.41261 0.69130 0.73227
0.04884 5.61730 1.28830 0.38316 -0.17624 -0.54778
-2.08600 3.42430 1.84120 0.34517 -0.80672 -0.61258
0.14282 12.60300 0.76501 0.92912 -0.37244 -0.28073
0.73073 14.55900 0.09904 0.77800 -1.24810 0.67072
-1.16760 8.98500 1.43460 0.32689 -0.84204 -0.28616
-4.56510 8.54880 -1.14080 0.50470 -0.03906 0.17204
1.73910 6.77380 0.24136 -0.14476 0.27672 0.58023
0.00749 11.13100 4.12320 -0.69183 0.15752 -0.62802
-2.07500 15.33700 -3.72130 -0.55057 0.96950 -0.03780
-1.51970 11.08200 -0.77794 -0.56700 0.60233 0.44460
-0.96394 4.85860 -0.22588 -0.43370 -0.79131 -0.67506
-0.79073 5.39780 2.50660 0.46416 -0.41214 -0.53270
-1.39830 13.43200 3.63240 1.07260 -0.26797 -0.18541
-1.54410 14.92300 -0.36813 0.68134 -0.93520 0.27914
-1.31440 7.92860 -0.29163 0.09894 -0.47043 -0.32172
-2.97210 6.08230 -0.58168 0.68642 0.15678 0.29559
0.82639 8.26290 -0.33026 -0.53305 0.60329 0.88640
0.77039 10.82900 3.42150 -0.82516 0.46092 -0.23148
-4.17600 14.47600 -4.50470 -0.37492 1.33420 -0.03624
-1.19460 11.75300 -0.96776 -0.59898 0.90735 0.39670
-0.07918 3.20560 0.12767 -1.05460 -0.55579 -0.46996
-1.02380 6.49900 2.07460 0.36530 -0.19106 -0.12350
-3.00500 13.17800 3.98770 0.83055 -0.30275 -0.11607
-0.81308 11.83800 -1.09290 0.67889 -0.67586 -0.18393
-1.46070 8.79920 -0.56361 -0.05408 -0.50479 -0.13367
-1.41370 5.36220 -0.77829 0.70018 0.03981 0.44429
0.41844 8.02420 0.04129 -0.60876 0.26129 0.82787
1.38060 10.02500 3.68800 -0.46811 1.07860 -0.27165
-4.64520 14.51500 -4.12410 -0.37456 1.48250 -0.06766
1.49860 10.87000 -0.33676 -0.14378 0.13234 -0.10408
-0.96530 2.06210 -0.50163 -0.26723 -1.95950 -0.67096
-1.59160 9.29400 2.50330 1.24880 0.02873 -0.39142
-2.88630 13.80000 2.47430 0.80786 -0.56750 0.69156
0.33333 6.96240 2.45680 0.49142 -0.38785 -0.41493
-4.90570 10.00800 -1.57850 0.02258 -0.19228 0.50662
0.59409 5.52150 -0.53137 0.17078 0.15892 0.38741
-1.39810 10.04300 1.72840 -0.84488 -0.12654 -0.20236
0.20828 13.42300 -2.42280 -0.22728 1.26380 -0.20584
-5.33790 13.71900 -0.17351 -0.47684 0.62384 0.47099
0.24921 7.25500 0.54066 0.04919 -0.49599 -0.50713
-1.57330 2.67770 0.23920 0.10602 -0.80159 -0.39156
1.58020 10.69600 1.20150 1.06240 -0.46074 -0.01213
-2.13200 14.45000 -1.13270 0.72446 -1.22720 0.39983
-1.16750 11.12000 2.04030 0.53242 -0.63293 -0.15755
-3.24710 9.51220 -0.54149 0.22186 -0.45312 0.15201
0.36633 5.96270 0.39420 0.00951 0.48528 0.68985
-0.96172 11.30900 2.87050 -1.05530 0.30547 0.07637
-0.39146 12.27400 -0.61603 -0.45956 1.59160 -0.13640
-4.11950 14.87300 -2.15190 -0.45056 1.16590 0.30528
0.88609 6.64520 0.21233 -0.27147 0.27480 -0.09894
-2.07800 3.05120 1.60530 -0.51828 -1.12400 -0.49315
0.04858 11.34100 2.17690 1.09060 -0.63882 -0.31232
-3.95140 11.51600 0.41476 1.00430 -1.25330 0.35997
-1.30460 9.72830 0.67130 0.51971 -0.84631 -0.42233
-3.56530 7.68710 -0.67329 0.31326 -0.41148 -0.10490
0.71234 6.32100 -0.39377 0.21584 0.32758 0.73392
-0.16272 10.48200 1.92820 -1.01470 0.14380 0.05196
0.08342 12.50000 -0.87523 -0.42511 1.82150 -0.28908
-5.12700 15.14800 -2.29050 -0.45123 0.86983 0.49535
2.07510 6.41910 -0.37810 0.00623 0.36375 -0.17836
-3.42150 3.23930 1.29290 -0.67340 -0.72087 -0.37721
0.13107 10.67400 0.97217 0.85107 -0.02280 -0.23198
-1.80380 16.37400 2.18010 0.90041 -0.92300 0.29958
-0.95143 9.35650 -1.75420 0.52740 -0.57602 -0.45300
-3.49200 7.51600 0.46281 0.28531 -0.29019 0.02994
-0.17499 6.13550 0.17770 0.15271 0.37376 0.64867
-0.46957 10.62000 2.26080 -1.06560 0.10715 -0.07118
0.15108 12.72700 -1.67050 -0.42595 1.54800 -0.23657
-4.61670 13.65900 -1.39720 -0.21893 0.74106 0.15988
0.87885 8.04410 0.33553 -0.18185 -0.39644 -0.05113
-2.72420 3.82040 0.84422 -0.51329 -0.80104 -0.82051
-0.73141 8.33980 1.67560 0.94948 -0.43555 -0.06285
0.68927 13.00900 0.12843 1.03780 -0.57091 0.38815
-4.59910 9.83270 1.97610 0.86661 -0.29430 -0.29895
-2.93370 10.45700 0.28503 -0.06105 -0.79083 -0.11003
-0.61987 4.93300 0.07895 0.57376 0.34769 0.46024
-1.90650 10.08100 0.89868 -0.80966 0.06798 0.91873
2.01770 9.66950 2.37550 -0.40656 1.51990 0.08400
-8.97130 13.93300 -2.81310 -0.12552 1.20850 0.04181
1.03370 11.03400 0.53905 -0.95911 0.57036 0.46796
-1.76460 2.18600 -0.28651 -1.95980 -0.63087 -0.20778
-0.74638 5.86100 2.11700 0.00754 -0.07068 -0.14603
-0.71582 12.47500 6.96280 0.77534 -0.81839 0.44379
-2.59870 9.43070 -1.14580 0.91441 -0.54425 -0.52310
-3.92810 9.40140 1.26310 0.37625 -0.92993 -0.00580
1.25790 4.15560 -0.59094 0.37782 0.24144 0.54105
-1.65370 9.36520 1.37700 -1.01250 -0.10736 0.20728
1.21210 11.71400 0.08514 -0.41136 1.02260 -0.12311
-6.48760 15.07500 -1.63790 -0.62560 0.60541 -0.00458
0.46468 8.77720 0.16547 -0.17664 0.53716 0.35974
-1.84150 2.01320 0.53616 -1.18150 -0.77299 -0.54219
0.38623 9.62240 3.05950 0.88733 -0.11209 -0.23253
-3.12330 10.80500 2.80770 0.80551 -1.13380 0.46692
-1.46330 9.74160 -1.41930 0.63733 -0.56819 -0.38330
-5.09670 9.07070 -0.10046 0.33810 -0.42023 0.10559
-0.17455 4.86090 -0.42230 0.43578 0.81242 0.38026
-0.79608 9.97200 1.43210 -1.06860 0.28754 0.32837
1.48540 11.57500 0.80875 -0.45543 0.88666 -0.12172
-5.27970 13.39200 -3.35340 -0.26936 1.18250 -0.04645
-1.33020 9.55430 -0.06075 -0.42529 0.32831 0.02986
-0.57080 2.87330 0.80141 -0.78506 -0.70694 -0.56180
-1.91920 8.97650 2.16470 0.97517 0.06428 -0.48386
-2.83060 17.09200 3.63080 0.84467 -0.59761 0.54189
-0.52927 8.89130 -0.57018 0.75790 -0.78284 -0.21535
-3.75750 7.79760 -0.65196 0.02135 -0.69215 0.00774
-0.52635 6.05740 -0.61908 0.38199 0.42618 0.41464
-0.94159 10.89100 1.66000 -0.98071 0.02657 0.15337
0.49332 12.33500 0.62015 -0.41222 1.35890 -0.23318
-5.25430 13.81400 -2.61850 -0.58652 1.09930 0.17752
0.86836 9.51870 -0.02817 -0.11983 -0.04306 -0.08746
-2.12890 2.25810 0.24352 -0.29312 -0.75581 -0.46149
-0.75691 9.11550 1.48240 1.16360 -0.40099 -0.27844
-2.81300 15.43400 0.35794 0.91949 -1.07520 0.48656
-1.49180 9.67860 2.18140 0.59555 -0.37703 -0.23302
-4.61600 8.38460 -0.75188 0.11301 -0.48370 -0.02419
0.85397 6.33310 -0.57054 0.30438 0.47324 0.57005
-1.84470 9.46890 0.95322 -1.06970 0.31622 0.17802
-0.24084 12.82500 0.16420 -0.27109 1.63530 -0.04875
-6.41290 14.48300 -0.73676 -0.77228 0.74742 0.36427
0.19981 7.70710 0.45844 -0.16049 0.02223 -0.24872
-2.84310 2.53600 -0.46742 -0.26117 -1.04770 -0.63441
1.13200 9.42120 -0.20615 1.49850 -0.06935 -0.05904
-2.69130 13.55800 -1.11560 0.90778 -1.57010 0.75482
-1.54270 10.38400 1.23960 0.82216 -0.77852 -0.46558
-6.50380 9.54440 -0.41212 0.13307 -0.44437 -0.02002
2.12560 7.09440 -0.55782 1.00640 1.23890 0.27208
-0.61244 9.65680 -0.07385 -0.87613 0.26707 0.79324
3.58690 10.06600 1.70120 -0.58040 0.53609 -0.52007
-9.94390 15.22700 -4.21790 -1.02370 0.67851 0.15276
0.39384 11.48600 -0.95268 -0.24997 0.88989 0.08458
-1.21690 1.63240 0.54210 -1.78460 -1.08860 -0.19019
1.23280 6.09040 3.00280 0.90984 0.20572 0.33905
-6.68690 13.37200 7.30610 0.54082 -1.00620 0.30438
-1.63880 9.77720 -1.28290 0.65298 -0.62637 -0.11996
-5.25340 7.39210 -1.40030 0.23897 -0.21132 -0.07788
0.43524 4.39210 -0.20355 0.18039 0.00340 0.49965
-0.21167 10.48400 2.16150 -0.95512 -0.07602 0.38017
-0.22633 12.20700 -0.37811 -0.41164 1.92060 -0.21130
-5.30730 14.52300 -3.07270 -0.37140 1.63210 0.08983
1.82040 8.45640 -0.19461 -0.25185 0.44476 0.01308
-1.97000 2.13490 -0.21481 -0.94489 -0.84706 -0.35362
-0.93372 9.86230 1.20940 0.88916 -0.23209 -0.29337
-2.57250 16.88600 2.93860 0.91106 -1.09200 0.19395
-1.73050 7.97020 -1.25280 0.44405 -0.48634 -0.43451
-3.63140 7.52060 0.40936 0.35887 -0.10538 -0.05524
0.74339 5.88060 -0.28850 -0.07651 0.16216 0.81136
-0.12834 11.44000 2.38490 -0.96542 -0.20296 -0.12968
-1.15880 12.63800 -2.45290 -0.49876 1.39150 -0.14642
-4.41440 13.99600 -2.60400 0.05951 1.05130 0.47121
1.46270 7.49170 -0.29776 -0.49159 0.56750 -1.11160
-3.46400 2.26410 1.96400 0.11711 -0.60373 0.47310
0.43918 12.74900 1.88720 0.96872 -0.28593 0.11867
-3.95540 8.99310 0.46289 0.54146 -0.30519 0.02727
-1.59460 10.83000 -1.24560 0.04967 -0.60678 -0.13742
-1.24620 4.11640 -1.17590 0.50653 -0.19444 -0.05394
-1.07590 7.73370 0.17569 -0.26860 0.04456 0.81963
0.01289 10.85900 2.93590 -0.92891 -0.28610 -0.40703
-0.54008 13.14500 -3.29380 -0.27476 1.38970 -0.28238
-3.10110 16.05600 -2.25210 -0.36052 0.77148 0.74323
0.96629 5.84520 -0.37686 1.35940 0.23399 -0.64062
-1.89020 3.07890 0.57451 0.08290 -1.14350 -0.58508
0.08656 12.46900 1.37690 1.16330 -0.13808 -0.15111
-1.96620 18.78000 4.63950 1.16820 -1.17420 0.59868
-2.11760 10.72800 -0.77203 0.52991 -0.57964 -0.04164
-3.96150 7.86330 1.03380 -0.14255 -0.75458 0.53381
-0.71581 7.38810 -0.82489 0.20468 0.55208 0.52725
-2.91990 10.91000 2.13980 -0.99287 -0.13725 0.19473
0.69015 13.83800 -0.13649 -0.18738 1.45650 -0.33157
-7.75430 14.82300 -0.66144 -0.51083 0.84778 0.23065
1.59600 7.25060 0.67896 -0.65657 0.44644 0.27045
-2.53730 2.28800 -0.03969 -1.68300 -0.51266 -0.24911
-0.91438 9.41500 0.66676 0.78050 -0.72600 -0.29431
-1.33320 11.25200 1.27040 0.85187 -1.23920 0.33682
-3.88960 10.77500 -1.60590 0.61188 -0.49817 -0.36734
-3.57560 8.93740 -0.71925 0.28377 -0.22795 -0.07643
1.15460 4.83710 -0.15070 0.48767 0.71875 0.59250
-0.62849 9.90410 1.52210 -0.85722 0.44110 0.30833
0.41274 11.30800 0.31740 -0.45476 1.49400 -0.23369
-5.34700 13.87800 -3.25680 -0.51454 1.01360 0.17374
-0.25851 8.64080 -0.39690 -0.14871 0.27390 -0.12082
-1.51310 1.84190 0.02928 -1.28580 -0.97208 -0.44237
-1.46900 9.74960 1.99630 0.85007 0.03250 -0.34088
-2.25970 14.81800 2.89320 1.01810 -0.84058 0.51250
-1.57280 9.46950 -0.95642 0.69507 -0.58371 -0.40805
-5.12170 7.54220 0.10059 0.23244 -0.21480 0.20865
0.05618 5.48310 -0.60397 0.08635 0.67966 0.58827
-0.94920 10.50000 1.53530 -0.99873 0.32774 -0.05959
0.24789 13.03200 -1.71680 -0.15694 1.03910 -0.23325
-5.58080 13.10900 -2.73540 -0.38487 0.87073 0.35197
-0.24261 7.90590 0.17535 0.32802 0.23589 -0.26500
-1.58590 1.96420 0.90640 -0.89374 -0.92468 -0.48088
-0.71613 11.71100 1.70460 1.02980 0.09703 -0.19960
-3.66310 16.25000 2.10120 0.94324 -1.03120 0.39542
-0.64955 9.63070 -1.17700 0.66698 -0.90222 -0.15837
-3.78780 7.98540 0.62199 0.21103 -0.42900 0.08046
-1.07490 6.10370 -0.65833 0.38416 0.64281 0.31537
-0.63165 10.40600 2.39880 -1.03360 0.19148 0.33607
0.21895 12.69700 0.58328 -0.73477 0.99763 -0.18309
-6.58060 13.63800 -2.58770 -0.59058 0.73882 0.15408
-0.50710 10.03800 -0.22929 -0.74039 0.61841 0.41588
-1.21220 1.57590 0.18092 -1.56640 -0.50763 -0.55299
-0.67154 7.43390 1.57860 0.76782 -0.06148 -0.31223
-2.91130 9.92740 0.36426 0.97501 -1.06260 0.53708
-2.87570 11.88700 -1.60370 0.73062 -0.99217 -0.28825
-5.01030 8.26590 -0.53348 -0.02721 -0.90186 -0.13445
-1.02310 3.49590 -1.42170 0.85779 0.54547 0.33090
-0.09813 10.23400 -0.47633 -0.69189 0.54805 0.89861
2.54100 10.12600 4.44920 -0.65817 0.72533 -0.37766
-7.92300 13.21300 -4.69820 -0.69002 1.20610 -0.15552
-1.29180 12.63000 -1.00900 -1.08160 0.98296 0.70235
-0.73183 1.95320 -0.97447 -1.18380 0.29640 -0.50932
-1.39830 5.44630 2.93390 0.04901 -0.63283 -0.32803
-6.50270 19.02200 8.57140 0.81773 -0.07744 -0.14500
-4.46260 7.46750 3.69780 0.86972 -0.81444 -0.22781
-2.60360 8.56070 -1.64960 0.58948 -0.87070 -0.33170
-1.39170 5.35500 0.56950 0.32164 0.06279 0.29039
-0.60770 7.13040 0.62038 -0.33159 -0.63477 0.59154
-0.17148 12.35000 2.63290 -0.72853 0.22194 -0.63406
-4.24220 13.38500 -3.15690 -0.58316 1.80870 -0.12172
-1.71550 13.73400 0.49339 -0.92516 0.90224 0.46419
0.05269 4.71100 -0.24530 -0.50710 -0.48811 -0.68861
-2.25240 4.39210 1.06970 0.28659 -0.60484 -0.35460
-2.80830 12.37000 4.15960 1.28730 -0.01865 -0.05753
-1.82730 11.65600 -1.75110 0.94786 -0.38187 0.00177
-1.50600 10.41300 1.12450 0.16803 -0.52736 -0.30707
-2.48170 6.16740 -0.20848 0.49107 0.20549 0.12895
-1.07120 7.86930 -0.35362 -0.62988 0.74913 0.74692
-0.38187 10.17500 3.37940 -1.06410 0.63922 -0.16023
-3.34640 14.88000 -4.13440 -0.59070 1.67740 -0.07803
-3.00590 12.72300 -0.53104 -0.49149 0.82140 0.59026
-0.03388 4.59050 -1.05730 -0.63965 0.34192 -0.31831
-3.29400 4.69240 3.06970 -0.10316 -0.63084 -0.20198
-2.25660 13.54500 3.73180 0.96927 -0.13167 -0.48299
-4.24610 9.34250 -0.00887 0.91357 -1.04370 0.28899
-1.37030 8.19710 -0.77220 0.31100 -0.62317 -0.34523
-3.25810 7.22680 0.54813 0.45111 -0.17976 -0.05614
0.50566 6.98000 0.58020 -0.38310 0.33266 0.89253
-0.07924 11.52900 2.24720 -0.98331 0.27779 -0.27608
-1.82540 12.59000 -3.78920 -0.46785 1.24810 -0.25381
-3.08410 14.31700 -1.47930 0.01447 0.47462 0.46838
0.48485 5.78600 -0.44826 0.55664 -0.12149 -0.57613
-3.69250 3.83720 1.90770 -0.12099 -0.65276 -0.37129
-0.61607 12.58300 2.13190 1.28920 0.05885 -0.57794
-1.89710 18.95000 3.04210 1.25550 -0.89342 0.41089
-0.70671 9.91820 0.30150 0.42517 -0.41183 -0.23590
-4.02900 6.43380 1.28230 -0.01633 0.12778 0.04521
-0.25471 7.62390 0.74995 0.06360 0.11096 0.66124
-1.31940 11.87600 1.93130 -0.95406 0.17534 -0.39868
-1.56920 13.50400 -2.74740 -0.27577 1.35940 -0.07716
-3.64400 12.19900 -0.00977 -0.35616 0.57350 0.27873
-0.31624 8.36460 -0.21982 0.04201 -0.72842 -0.27989
-2.66610 3.51540 0.99280 -0.25230 -1.04040 -0.59241
-0.63773 10.95600 2.11630 1.20680 -0.31042 0.08267
-2.13230 12.47000 -2.99710 0.93155 -1.41000 0.69301
-0.96982 10.04400 1.17910 0.54997 -0.36819 -0.41551
-5.63960 9.13590 0.14807 0.25259 -0.46307 0.12122
1.53450 6.83780 -0.97719 0.05647 0.26900 0.62616
-1.88460 11.42400 2.01190 -0.99561 0.24544 0.12080
-1.05010 12.07200 -0.57208 -0.55524 1.18620 -0.31143
-6.32040 13.36000 -1.28040 -0.22565 0.58669 0.05362
0.33542 8.42130 0.60258 -0.43948 -0.06177 0.23482
-2.03380 2.99470 1.76290 -1.51550 -0.63414 -0.40501
-2.00510 9.18710 0.64224 0.58957 -0.16631 -0.25499
0.10263 11.63000 3.68720 1.06560 -0.72743 0.48276
-3.78540 8.75950 -1.17360 0.69305 -0.17117 -0.26233
-4.02090 8.98710 0.48430 0.07652 -0.09995 -0.08133
-0.21246 5.02970 -0.24384 0.30836 0.96237 0.40393
-0.92612 9.38980 0.80580 -1.20500 1.00590 0.38763
0.53058 12.16500 0.50391 -0.70836 1.58260 -0.13933
-4.49490 14.20900 -3.72650 -0.45937 0.98390 0.06079
-0.78714 10.08100 -0.62097 -0.63936 0.47206 0.29312
-2.49000 3.27370 0.03339 -0.49126 -0.39743 -0.62358
-1.16240 7.70070 2.03110 0.49007 -0.07304 -0.28357
-2.79930 14.18000 2.91340 0.98448 -0.62228 0.22922
-3.03350 12.63800 1.78140 1.05990 -0.93050 -0.15930
-3.47290 8.38170 -0.84077 0.36607 -0.94815 -0.25775
-1.57510 5.88850 -0.11603 0.55954 0.09833 0.29742
-0.98039 8.97720 -0.14230 -0.81929 0.53641 0.84248
0.88040 10.74500 3.13430 -0.78613 0.97243 -0.03612
-5.42410 12.18800 -4.37980 -0.22617 1.22220 -0.11485
-0.79814 12.93300 -0.68506 -0.76572 1.06650 0.19780
-0.99467 3.50220 -0.05647 -1.56320 0.09360 -0.49680
-1.14630 5.80620 2.83010 0.03694 -0.29008 -0.34372
-7.20670 17.30000 7.02700 1.01330 -0.20407 -0.17841
-2.42770 8.27250 -0.84122 0.90425 -0.64873 -0.19977
-2.42520 6.95010 -0.43669 0.27879 -0.56612 -0.38931
-1.22320 6.67540 -0.44048 0.30330 -0.00775 0.02763
-0.04544 7.19200 0.13358 -0.41064 0.40657 0.73033
0.09044 11.04000 2.85030 -1.07170 0.12535 -0.39867
-1.12080 14.10200 -4.73960 -0.46336 1.54520 -0.23810
-3.48580 13.44200 -1.02530 -0.22900 0.79512 0.31488
0.46237 7.04540 -0.13979 0.09587 -0.48882 -0.43304
-3.03850 4.08880 1.19530 -0.13341 -0.70461 -0.40858
-0.72214 10.47100 1.72910 1.21030 0.21173 0.03752
-1.65810 12.74100 0.32808 1.01660 -0.84029 0.55190
-0.03903 10.86100 2.13610 0.49870 -0.36447 -0.35310
-5.52580 9.18630 -0.13062 0.21358 -0.40102 0.03325
-0.42436 6.44960 -0.45480 0.20004 0.56410 0.62131
-2.75480 9.61890 1.34160 -0.80406 0.68509 0.47298
-0.29393 12.57600 0.38023 -0.51752 1.59390 -0.36444
-6.80660 13.41400 -2.72730 -0.42044 0.83253 0.12297
1.01910 8.86370 -0.77045 -0.51454 0.35043 0.07921
-2.59290 2.64930 -0.00337 -1.27370 -0.68434 -0.19807
-1.36570 8.53390 1.84540 0.62598 0.05568 0.13167
-1.55120 11.83400 5.24830 1.08620 -0.38991 0.65025
-3.70700 10.48000 2.23490 0.72453 -0.61995 -0.36517
-4.65860 7.34910 -1.81500 0.34618 -0.26868 0.01297
-0.95670 5.01570 -0.44176 0.22205 0.62769 0.55728
-0.41138 8.69460 1.50980 -1.03980 -0.01512 0.36060
0.82285 13.29500 -1.29770 -0.95067 1.14620 -0.06917
-7.00640 12.45100 -2.30610 -0.65393 1.60170 -0.01590
0.25087 11.62700 0.10626 -0.39517 0.31746 0.29330
-1.15760 2.21450 -0.40070 -0.11803 -0.66566 -0.43884
-1.03250 6.73970 2.25660 0.69205 -0.26857 -0.49998
-4.44860 13.84300 1.92840 0.87770 -0.94341 0.29381
-1.46490 12.10700 3.92100 1.05470 -1.22280 -0.33330
-5.06600 9.46150 -1.51610 0.34058 -1.06850 -0.12343
-1.07980 5.45140 -0.64732 0.63417 0.53717 0.35097
-0.53912 8.29770 0.31107 -0.80797 0.37981 0.70967
1.55910 10.78200 3.62200 -0.63998 1.07640 -0.55676
-7.13500 14.64900 -4.52590 -0.64343 1.17070 -0.14290
-0.22968 11.63400 -0.16844 -1.11350 0.81761 0.63060
-1.71700 2.75300 -0.70497 -1.29570 -0.89229 -0.63049
-1.78820 6.96650 1.99010 0.41283 0.18532 -0.36684
-3.18080 7.11050 5.63980 0.83945 -0.79576 0.12001
-1.73680 12.62300 -3.48910 0.78954 -0.76974 -0.18655
-3.59570 7.83360 -0.69894 0.24646 -0.63783 -0.20920
-1.62930 4.71300 -0.63676 0.89523 0.98828 0.50052
-0.04945 8.22290 0.78419 -1.25350 1.21300 0.61765
1.23600 10.62500 4.26030 -0.67993 1.24350 -0.28838
-4.02760 14.27800 -4.58110 -0.81201 1.07500 -0.17494
-1.70630 11.84200 -0.47923 -0.57233 0.23372 0.68468
-0.69185 3.04850 -1.89830 -0.05499 0.44226 -0.60490
-4.15560 5.77710 3.44060 -0.10973 -0.06010 -0.55911
-1.41330 16.42800 5.26270 0.77724 0.54533 -0.32918
-4.10540 11.40100 3.89830 0.86426 -0.01253 0.26947
-1.42080 6.75150 -2.41170 0.25818 -0.50476 -0.09578
-1.80480 6.38010 0.89249 0.55002 -0.05220 0.31564
-2.23730 8.08620 0.80864 -0.54094 0.48721 0.71831
-0.98752 10.89100 3.04570 -1.01270 -0.08809 -0.28774
-1.86460 14.32400 -4.25810 -0.51662 1.35170 -0.18298
-3.80180 13.97400 -1.58690 -0.40129 0.72765 0.39062
0.98619 5.63940 -0.16525 -0.36157 -0.21632 -0.61522
-2.40330 4.07090 1.46250 0.13687 -0.35414 -0.34213
-1.84640 13.18000 3.28940 1.08430 -0.12555 -0.27361
-1.81970 14.22700 -0.77531 1.03660 -0.70831 0.59506
-1.59890 10.51100 1.14350 0.29781 -0.24373 -0.26337
-3.48120 6.70780 1.36340 0.42459 -0.22816 0.06853
-0.27110 7.81630 0.02405 0.09860 0.23569 0.73273
-1.37380 9.98960 2.54960 -0.79910 -0.18816 0.18941
-0.64876 11.79800 -0.49200 -0.37628 1.36530 -0.27962
-5.97710 14.32100 -2.56200 -0.37427 1.21670 0.25609
1.38570 7.65770 -0.02876 -0.13980 0.53403 -0.13518
-1.93290 3.18320 1.03880 -1.15960 -0.20880 -0.34390
-0.42627 9.74250 1.03700 0.79311 0.24248 -0.11594
-3.28580 15.09900 3.36670 0.81409 -0.46596 0.31429
-1.46290 9.68320 -0.06172 0.61043 -0.36459 -0.27489
-4.34850 8.27970 -0.51294 0.17874 -0.30513 0.08609
-0.25790 6.18400 -0.36200 0.15158 0.41498 0.45749
-2.06820 8.97490 1.45870 -1.17260 0.65106 0.17873
-0.30370 13.38700 0.68330 -0.54546 1.29030 -0.25044
-4.23900 12.89900 -3.08530 -0.32832 0.74089 0.15094
-0.64642 10.86100 0.24980 -0.76559 0.14630 0.25089
-2.77430 2.45160 -0.57274 -1.27630 -0.80011 -0.37384
-1.41780 6.81260 1.28280 0.32491 -0.50912 -0.45284
-3.49920 11.51400 4.08360 0.74721 -0.68900 -0.42278
-3.14820 9.46700 -1.56580 0.97119 -0.84015 0.07088
-1.63760 7.41620 -1.01370 0.06441 -0.64389 -0.46533
-2.00990 6.06280 -0.24016 0.60365 -0.28865 0.41071
0.60791 8.01970 0.32193 -1.07830 0.28079 0.82765
-1.26680 12.18400 2.95590 -0.82686 0.45183 -0.18561
-3.03850 12.39600 -5.42300 -0.43381 1.56660 -0.40007
-2.50800 13.16100 0.34387 -0.42046 0.83359 0.72054
0.83376 3.00660 0.46056 0.76170 -0.07005 -0.55768
-2.82360 5.58990 4.37290 0.66185 -0.68362 -0.85327
-2.18080 19.41300 4.55310 1.48250 -0.63133 -0.28557
-2.92640 16.05300 0.79132 1.26640 -0.73730 0.26398
-0.90793 8.44720 1.31390 0.23308 -0.92638 -0.51302
-3.34820 4.76190 1.01750 0.38811 0.13136 0.19734
-0.52177 8.52380 -0.47505 -0.21480 0.16589 0.91827
0.07462 10.50000 3.37810 -1.12030 -0.15102 -0.41806
-3.26310 14.43100 -4.40020 -0.34471 1.66570 -0.26076
-4.04500 12.79200 -1.76600 -0.67192 0.98769 0.50438
1.30380 5.99050 -0.06097 -0.24231 -0.23073 -0.55222
-2.06680 3.19450 1.40530 0.35349 -0.45222 -0.18622
-2.17640 12.63600 3.14850 1.29930 0.11096 0.07880
-1.80430 13.54700 0.01047 1.05700 -0.76372 0.29112
-1.80510 10.70200 2.01030 0.33667 -0.78188 -0.29204
-2.55800 7.32710 0.08801 0.10439 -0.43695 0.26488
-1.40850 6.70230 -1.59560 0.26021 0.46996 0.64377
-1.11070 11.58300 2.46180 -1.01480 0.06503 0.20990
-0.13300 12.19900 0.72733 -0.81133 1.66250 -0.04425
-6.36820 13.59100 -3.12690 -0.60774 0.88681 0.43521
-0.01004 7.24680 -0.47612 -0.06578 0.35373 -0.05435
-1.82980 3.14820 0.64304 -0.66393 -0.53317 -0.57751
-0.91730 9.48000 2.63130 0.77730 -0.22438 -0.54251
-2.00580 16.71900 6.22410 1.09960 -1.15880 0.32297
-3.88410 8.22440 -1.12110 0.63445 -0.33028 -0.14211
-3.46370 7.13500 0.76010 0.08426 -0.27171 -0.03096
-0.13428 6.02730 -0.16769 0.28543 0.06902 0.32765
-1.09720 10.00400 2.17960 -1.07730 -0.31425 0.29163
-1.32810 11.78900 -0.32001 -0.34691 1.14540 -0.29407
-7.17460 13.95500 -2.29950 -0.37233 0.90288 0.23853
1.64910 10.27600 0.39003 -0.79994 0.17886 0.53830
-2.65790 1.87930 -0.13120 -1.11930 -1.13340 -0.37004
-2.49510 8.32300 1.60410 0.84048 -0.56009 -0.51918
-2.25320 14.07900 0.22658 0.96106 -1.21400 0.41100
-2.37840 10.92700 0.76758 0.81046 -0.62462 -0.28609
-5.08490 10.17300 -1.15520 0.20610 -0.40556 -0.22479
0.88438 5.71040 -0.41316 0.79510 0.24120 0.39511
-0.04146 8.07880 1.16490 -0.93286 0.53430 0.82460
0.98619 10.54200 3.41310 -0.84029 0.65556 -0.15753
-3.49340 12.59900 -4.27750 -0.61562 1.51500 -0.14926
-2.55100 13.45300 -0.15622 -0.47395 0.81120 0.52377
0.60519 2.76860 -0.10905 0.25679 0.43733 -0.36806
-2.99170 5.86200 2.95930 0.74869 -0.83423 -0.46478
-3.76810 17.79800 5.10010 1.06970 -0.65916 -0.59624
-2.70630 15.50300 6.76160 1.33760 -1.11590 0.15070
-2.67950 10.01400 -1.43200 0.01209 -0.37178 -0.17877
-2.22850 5.57630 1.91270 0.60812 0.25500 -0.02319
-0.10332 8.12230 1.49690 0.01332 0.14650 0.71556
-0.11674 10.68900 3.37780 -1.03070 -0.23094 -0.46239
-3.18750 13.84700 -2.92090 -0.40367 0.80466 -0.05917
-3.97180 14.38600 -2.14340 -0.74332 0.66031 0.40341
-0.51199 6.05630 -1.05740 0.16939 -0.15221 -0.56212
-2.08500 3.32360 0.44142 0.52026 -0.50096 -0.36659
-0.32794 12.36700 3.60380 1.23000 -0.13724 -0.19234
-3.50010 16.94300 2.65090 0.91391 -0.75636 0.10004
-2.40250 10.76500 -0.51164 0.40646 -0.88475 -0.13545
-2.19330 5.58110 0.17059 0.40833 -0.10016 -0.05992
-1.27080 8.06420 0.83861 -0.23778 0.07221 0.72234
0.38585 11.20100 2.25800 -1.02930 0.22758 0.02643
-2.97210 12.58100 -1.49540 -0.64140 1.50660 -0.11455
-3.26870 13.32100 -1.09660 -0.29486 0.86087 0.19337
0.37407 6.51530 0.42711 0.03416 0.53711 -0.09396
-2.43440 4.19170 1.24310 -0.73164 -1.19760 -0.48305
-0.51756 10.25500 1.59160 1.22400 -0.58818 -0.40787
-3.97760 15.90900 2.17040 1.15900 -0.77194 0.16292
-2.19600 8.46880 -1.19650 0.37291 -0.22818 -0.16025
-2.58640 8.01910 0.30853 0.19357 -0.05185 -0.15762
-0.29320 6.48030 -0.06972 0.40462 0.47279 0.60403
-0.93004 9.46510 1.25990 -1.16680 0.05481 0.14288
-0.69875 12.73600 0.54170 -0.74841 1.19430 -0.31200
-6.02450 13.06300 -3.00150 -0.71640 0.58525 0.27620
0.98016 9.65850 -0.65875 -0.45477 0.14275 0.35634
-2.89820 3.29540 0.10359 -0.37300 -0.42738 -0.79428
-0.29823 7.31170 1.95400 0.89413 -0.39961 -0.17700
-2.65340 14.28800 0.34837 0.98647 -0.77226 0.42365
-3.46250 9.85990 3.08330 0.89484 -0.53123 -0.24065
-4.45230 9.97600 -0.89963 0.18362 -0.57297 -0.13263
0.02237 5.03150 -0.93689 0.85934 0.49452 0.34937
-0.71996 8.41880 0.24367 -0.89241 0.53748 0.85408
0.68732 10.44600 3.69870 -0.89894 0.91533 -0.47029
-6.18890 14.92200 -5.35170 -0.60454 1.27830 -0.10878
0.13080 11.77400 -0.98605 -0.76086 0.43948 0.55042
-1.41140 3.46780 -0.53271 0.07001 0.15765 -0.52211
-2.57730 5.38300 2.64870 0.44070 -0.65379 -0.57021
-3.08890 18.62200 5.22260 1.25830 0.14420 -0.68323
-6.35080 13.52400 4.75270 1.18230 -0.62404 0.43776
-0.39383 6.36360 0.13138 0.22153 -0.70169 -0.34470
-3.11990 7.15730 1.76350 0.29521 -0.22433 0.35565
-0.69818 7.48920 0.17514 -0.26195 0.23393 0.62482
-2.06560 12.33600 3.21880 -0.98750 -0.11743 -0.34102
-2.08290 12.34300 -2.07460 -0.41614 1.81650 -0.07106
-6.17390 14.95200 -0.30795 -0.36996 0.68016 0.25038
0.37457 7.67990 0.01440 -0.31247 -0.09752 0.03940
-3.02650 2.97000 0.96144 -0.73891 -0.76822 -0.71877
-1.86250 10.59100 1.72390 1.00980 -0.18695 -0.21040
-1.01290 11.66300 -0.15437 1.09850 -1.08410 0.83633
-3.05790 10.50900 -0.35367 0.69388 -0.60272 -0.32045
-5.78450 9.49360 0.21800 0.18857 -0.10054 0.07016
0.65916 5.61270 -0.92696 0.61900 0.09647 -0.00749
-0.44131 9.04500 1.35900 -0.88132 0.22304 0.59755
0.30797 11.50400 1.53040 -0.57808 0.83298 -0.19936
-4.39670 12.61200 -4.66680 -0.52919 0.96655 -0.11278
-1.16270 12.87200 -0.16090 -0.63437 0.41602 0.36766
-0.89751 2.95350 -0.29358 -0.42395 -0.36652 -0.57683
-1.46440 7.15550 2.08890 0.77231 -0.62286 -0.57509
-1.03090 12.52900 2.00910 1.04510 -0.66692 0.04215
-3.48910 14.72000 0.40613 1.11630 -0.99585 0.18996
-3.20560 8.19920 -0.15965 0.32379 -0.42908 -0.39317
-1.78550 6.03100 0.52512 0.55359 0.28416 0.15123
-0.36897 7.68450 0.28368 -0.57739 0.23358 0.93039
-0.02672 10.83400 2.47920 -1.12930 0.62592 -0.31111
-4.15080 13.21000 -3.65730 -0.44705 1.29300 -0.06578
-2.45410 14.21600 -1.24590 -0.46048 0.14972 0.38054
-0.85191 5.64880 0.26154 0.33324 0.98459 -0.58328
-2.55010 4.41930 1.49390 0.15973 -0.83652 -0.44887
-0.52873 11.47000 0.85062 1.23190 -0.44298 -0.27509
-2.57040 16.02900 2.90570 0.73409 -0.85582 0.58676
-1.84930 7.70440 -1.01720 0.37556 0.03677 -0.36276
-3.67500 7.82370 -2.30300 0.25911 -0.23628 -0.01176
1.42640 6.83240 0.33400 -0.00200 -0.11317 0.70250
-1.57810 11.41500 1.69820 -1.03890 0.06377 -0.15428
-2.85900 13.40800 -2.39590 -0.14944 1.48450 -0.09134
-3.72790 13.92000 -1.23300 -0.62834 0.86220 0.07260
0.37747 7.68450 0.47292 0.08080 -0.11902 -0.24956
-1.91820 3.15180 -0.85831 -0.14682 -1.42990 -1.25420
-1.78320 11.76600 2.69280 1.25880 -0.08185 -0.06541
0.41624 13.94900 -1.82340 0.96584 -1.22260 1.01390
-2.06620 9.18930 1.74210 0.48262 -0.16644 -0.23647
-7.62620 10.52600 -0.65646 0.03790 -0.39987 0.43372
0.96078 5.20510 -1.89130 0.16943 -0.09857 0.52756
-2.02360 10.67500 1.79200 -1.08180 -0.06929 0.37566
-0.55307 9.70360 0.94826 -0.61047 0.85454 -0.05374
-7.20320 14.44500 -1.00300 -0.75572 0.67169 -0.02745
-0.03163 8.95030 0.51198 -0.33896 0.02316 0.11829
-1.10650 1.66550 -0.14018 -0.62965 -0.37636 -0.31442
-0.23497 9.29700 2.34820 1.18440 -0.25798 -0.49434
-3.28760 9.49830 2.15150 0.95279 -0.76636 0.50713
-1.14770 10.26600 -0.56396 0.56310 -0.30588 -0.35919
-4.35790 8.94210 -0.09975 0.39713 -0.35965 -0.15558
1.15090 6.42070 -0.38441 0.60323 0.18867 0.40804
-1.25720 9.75980 1.95830 -0.92390 0.17723 0.58115
0.13828 11.62900 1.34710 -0.62068 1.15260 -0.14221
-7.09650 12.46200 -2.70800 -0.48839 0.98520 0.01033
0.28386 10.90100 -0.38342 -0.47379 0.22661 0.27661
-1.99020 2.95630 -0.51228 -0.23683 -0.35318 -0.38113
-1.17500 7.15470 2.41830 0.54465 0.03018 -0.19328
-2.70440 15.34900 2.21480 0.79056 -0.58342 0.35066
-4.09570 10.82000 2.84550 0.70306 -0.49779 -0.09424
-4.05200 9.45320 -1.13400 0.33315 -0.77357 -0.26411
-0.91090 5.28110 -0.63574 0.57979 -0.32367 0.13690
-0.35257 8.68910 1.26460 -0.47025 0.50026 0.75659
0.33403 11.61800 2.18380 -0.70906 0.41968 -0.00560
-2.92870 12.25700 -1.95070 -0.46707 0.82463 -0.58293
-3.23810 14.05800 -1.15610 -0.18195 0.43013 -0.02423
-0.50159 4.60780 -0.34552 0.05547 0.05705 0.07945
-2.32700 5.23050 1.06400 -0.29788 -0.57085 -0.81760
-1.40950 12.99200 3.64150 1.16170 -0.40834 -0.15775
-1.84780 15.81500 1.77690 0.94434 -0.98744 0.35313
-1.61130 8.10820 -0.28152 0.31229 -0.44753 -0.18675
-3.44980 8.09470 -0.75620 0.13698 -0.54031 -0.22380
-0.34258 7.28620 -0.28886 0.38400 0.38054 0.64362
-2.16770 9.75130 1.98450 -1.08050 0.43129 0.37852
-0.87344 12.72400 0.68005 -0.58534 1.73090 -0.03906
-5.56210 13.18000 -1.95460 -0.55386 1.17610 0.05008
0.61826 10.67300 0.06465 -0.59344 0.69228 0.25742
-2.32410 3.12840 -0.35043 -1.60980 -0.82903 -0.62074
-0.93373 6.25330 2.43020 0.28403 -0.13263 0.03932
-4.57910 13.04800 4.83730 0.49101 -0.87506 -0.13846
-2.68900 7.48850 -0.49667 0.80382 -0.86945 -0.14912
-3.74700 10.44600 -1.99220 0.02174 -0.68353 -0.34184
-0.75386 4.42300 -0.94878 0.59499 0.11876 0.17506
-0.16605 8.20060 0.65349 -1.07440 0.50273 1.33740
0.94926 11.34500 3.17880 -0.57700 0.53638 -0.02997
-4.75260 12.45500 -4.27620 -0.06130 1.82810 -0.45349
-2.09830 14.10700 -0.16277 -0.40736 0.10036 0.71178
2.38990 1.97050 -0.61766 -0.19289 0.01238 -0.85168
-7.96710 9.86870 3.02240 0.00121 -0.96759 -0.53214
4.30810 11.65900 -0.19234 1.12700 -0.47142 0.01276
-6.73770 11.88500 2.65700 1.05400 -0.60632 0.00528
-0.66483 8.66010 -0.38708 0.44341 -0.18248 -0.32298
-1.33450 6.58750 1.16540 0.33371 0.30417 0.22823
-0.36501 7.42230 0.65387 -0.31857 -0.08316 0.69377
-0.96501 11.55000 2.00810 -0.96069 0.10338 -0.25490
-3.70030 13.21400 -2.36510 -0.59534 1.56190 -0.14067
-3.16580 13.36300 -0.17081 -0.28381 0.42641 0.32628
0.13666 6.98100 0.12741 -0.07716 0.30173 -0.03862
-2.59220 4.09530 1.12270 -0.71825 -1.02440 -0.51666
-0.65892 10.01800 1.09470 0.99539 -0.08083 -0.11037
-3.11650 14.70000 1.73100 0.79225 -0.68579 0.33409
-1.52480 8.86080 -0.17595 0.52502 -0.50163 -0.07062
-3.71990 7.74090 0.08281 0.09372 -0.22411 -0.44562
-0.45766 6.85010 -0.35081 0.68274 0.38370 0.39777
0.01894 8.80670 0.67345 -0.61411 0.09901 0.63467
-0.59406 11.13900 2.63260 -0.75320 0.54385 -0.45406
-4.57040 12.99000 -3.60170 -0.51550 1.25990 -0.07575
-1.09950 12.06600 -0.26489 -0.43912 0.64879 0.46127
-0.54172 5.22960 -0.58728 0.12259 -0.10329 -0.24533
-2.58700 5.08910 2.07860 -0.13054 -0.62437 -0.45573
-3.59120 14.82400 4.25610 1.00780 0.02757 -0.74960
-4.64880 13.59600 2.17100 1.15590 -1.36160 0.50029
-0.77853 7.47250 -1.92470 0.41335 -0.36128 -0.31480
-4.55390 8.69210 1.12160 0.22023 -0.00612 0.05237
0.16493 6.66350 0.09952 -0.01822 0.31525 0.48607
-1.51480 9.64780 1.57830 -1.11920 0.16881 0.07741
-1.39930 13.27900 -2.05370 -0.44878 1.31530 0.08653
-4.62860 11.52000 -1.06210 -0.54494 0.82307 0.32108
-0.40993 9.52480 0.33037 0.13583 -0.23041 -0.09731
-2.69550 3.32250 0.58015 0.16391 -0.85840 -0.32024
0.25015 9.56090 1.11360 1.33140 -0.31616 -0.15691
-1.95720 15.25800 -0.53212 0.92426 -0.78998 0.36684
-0.37007 9.83270 2.38810 0.57016 -0.64120 -0.31230
-4.26270 8.82420 -0.73901 0.11537 -0.41644 -0.00233
-1.11900 6.46970 -0.39946 0.56871 0.57013 0.66939
-1.29540 8.77120 1.49200 -0.91098 0.36578 0.55658
-0.78873 12.34900 1.01210 -0.34819 1.43410 -0.14432
-8.00990 13.46800 -2.39740 -0.43184 0.94276 -0.03023
0.26219 10.72600 -0.02345 -0.99107 0.60797 0.42160
-2.16130 2.75250 -0.72572 -2.15520 -0.92363 -0.40706
-1.40350 6.50560 1.71120 0.36612 0.08099 -0.34274
-4.41700 13.68100 4.05420 0.65758 -0.54434 0.33284
-1.95330 6.50470 -0.06046 0.73375 -0.52757 -0.37721
-4.21010 9.74770 -0.09715 0.28513 -0.66289 -0.33925
-0.75369 5.13680 -0.83051 0.64160 0.25034 0.35722
-0.18268 7.73260 0.94133 -1.11510 0.13608 0.58266
-0.65790 12.25900 1.79900 -0.68637 0.43588 -0.47008
-4.28280 13.22400 -4.97760 -0.52570 1.01280 -0.21931
-0.45786 11.57400 -0.33603 -0.53220 0.47495 0.65749
-0.76430 4.91030 0.07515 -0.07221 -0.24121 -0.67561
-2.69880 5.23500 2.72550 0.40675 -0.59288 -0.55156
-1.49280 11.80700 2.25130 0.94653 -0.63800 -0.04510
-2.28020 14.66700 0.11958 1.04410 -1.13890 0.09569
-2.26200 9.58340 -0.33968 0.46196 -0.66994 -0.35248
-2.43230 6.44580 0.36845 0.35988 -0.09477 -0.08661
-0.23425 7.47400 0.47771 0.05214 0.05189 0.89700
-0.33865 11.18800 2.28620 -1.03060 0.30054 0.01814
-2.02130 12.02900 -1.30120 -0.60080 1.55620 -0.06902
-4.01780 13.83000 -2.70920 -0.19029 0.83171 0.19205
0.50323 8.07180 0.41745 -0.27406 -0.00421 -0.00603
-3.17690 3.71400 0.78841 -0.63916 -0.26416 -0.50954
-0.73822 8.47070 2.64090 0.49596 -0.66054 -0.01587
-2.69160 15.35900 2.80090 0.96385 -1.08430 0.21547
-4.36240 8.48010 2.03600 0.98323 -0.55510 -0.34245
-3.71770 10.07600 -0.35980 0.24834 -0.62436 -0.37746
0.44818 6.06040 0.36620 0.42528 -0.11917 0.24570
-1.03730 8.20520 1.58970 -0.83240 0.29160 0.77463
0.23204 10.33200 2.60550 -0.83632 0.53722 0.02419
-3.18590 11.86300 -2.93740 -0.36398 1.22990 -0.35562
-3.01480 14.59400 0.71019 0.22569 0.76456 0.18961
-0.44099 6.11160 0.63074 0.90207 0.01215 -0.24202
-2.00360 4.15740 1.88220 0.28975 -0.24599 -0.78987
-2.32440 10.63300 0.59155 0.86057 -0.31483 -0.21817
2.53490 16.46600 1.15270 1.10700 -0.70865 0.50600
-2.04960 9.75200 1.27150 0.59357 -0.31993 -0.21843
-4.38540 8.32730 0.89600 0.15994 -0.25153 0.03712
-1.00080 7.97500 0.52315 0.09334 -0.02588 0.55891
-1.46210 9.56150 0.28944 -0.91232 -0.18192 0.52534
-1.02260 10.58800 -0.03825 -0.67914 1.32630 -0.18739
-6.71260 10.44600 -1.32380 -0.02455 0.83943 -0.05846
0.41666 11.53600 0.63708 -0.79184 0.50981 0.28841
-2.94820 3.88480 1.87240 -2.14200 0.21399 -0.15533
-0.73410 5.85480 2.00610 -0.05525 -0.12288 -0.17290
-5.65500 16.76600 8.66760 0.56551 -0.33374 -0.55463
-5.84690 9.18060 0.84482 0.87334 -0.60156 -0.19597
-2.02960 7.59290 -1.43600 0.22752 -0.84642 -0.44614
-0.77547 5.52780 0.63823 0.65714 0.12360 0.27432
-0.92879 8.44040 0.51654 -0.45187 0.13078 0.83846
-0.31612 11.37100 2.50780 -0.72110 0.59172 -0.47897
-3.19310 13.62800 -3.81280 -0.46411 1.32010 -0.18092
-1.16490 11.63200 -0.18947 -0.55762 0.33766 0.39566
-0.74684 6.02620 -0.22914 -0.33205 -0.64476 -0.38219
-2.56360 4.34780 1.53480 -0.38684 -0.49106 -0.58258
-3.61150 12.99800 4.29100 0.99451 -0.05992 -0.05353
-1.47670 12.62700 1.11810 0.97075 -1.22720 0.55246
-2.53360 8.30090 0.24969 0.56168 -0.57159 -0.34311
-4.71740 9.18050 0.40041 0.31786 -0.28201 -0.04428
0.90097 6.48160 -0.37430 -0.00438 0.01190 0.79109
-1.25700 10.94200 1.68460 -0.89796 -0.01721 -0.12263
-1.50870 12.21100 -0.70523 -0.45000 1.23150 -0.26733
-4.22610 12.80700 -1.99210 -0.17365 0.54013 0.09255
0.66800 8.34470 0.44080 0.01709 -0.39551 -0.24535
-2.81410 3.81660 1.03770 -0.73402 -0.35095 -0.52521
-1.72520 9.10140 1.37020 0.76631 -0.05426 -0.17943
-0.76122 15.32700 4.98590 0.95074 -0.36064 0.27469
-2.51490 8.43780 1.42730 0.69778 0.00455 -0.27307
-4.17470 8.54100 0.06262 0.09613 -0.34894 -0.17662
-0.67143 6.50890 0.11832 0.21742 0.22623 0.57719
-1.53810 8.95770 0.83746 -0.83270 -0.06441 0.63382
-0.08135 11.47900 1.21680 -0.52367 0.91510 0.00699
-6.27960 12.49600 -3.52550 -0.12355 1.35620 -0.27965
-0.63295 11.99400 0.81639 -0.55115 0.66647 0.44780
-0.35738 4.28310 -0.02446 -1.81910 0.44324 0.12500
-2.13560 5.38020 2.75300 -0.37863 0.15773 -0.23639
-5.60770 14.45000 6.78260 0.54132 -0.38098 -0.36211
-4.72070 9.56230 -0.69144 0.85301 -0.72653 -0.19267
-2.96240 8.18090 -1.32700 0.26907 -0.70027 -0.25322
-0.98672 5.63180 0.00664 0.45885 -0.02959 -0.09894
-0.46230 8.31850 0.49432 -0.25952 0.14624 0.75461
0.77065 11.79200 2.20180 -0.96690 -0.32446 -0.51845
-1.79000 12.92900 -3.05090 -0.37000 1.47850 -0.34813
-4.22100 14.77900 -0.72572 -0.65295 0.21175 0.41635
1.56790 6.62950 -0.04890 0.43327 0.07372 -0.72420
-2.56490 3.75990 1.30810 0.63310 -0.72243 -0.15480
-0.45706 11.17600 0.40703 1.36520 -0.11710 -0.42207
-1.92280 17.46800 2.42610 1.17280 -0.57169 0.50336
-0.63791 10.41800 1.91130 0.40936 -0.47719 -0.32834
-3.98460 7.06080 0.48880 0.26678 -0.36549 0.18640
-1.26850 7.37810 -0.35672 0.19707 0.16080 0.73827
-1.77610 9.90140 2.37690 -0.85345 0.12007 0.10333
-1.89390 13.01500 -0.58243 -0.44463 1.24940 -0.13501
-5.96410 13.37700 -1.50760 -0.33714 0.67972 0.09204
0.09638 8.81340 0.05067 -0.55907 0.53746 0.10913
-2.30560 3.41510 0.32603 -1.15210 -0.93268 -0.41637
-1.10660 8.54950 1.24890 1.01910 0.17232 -0.11539
-3.79280 14.85500 1.82180 0.80537 -0.92374 0.32861
-1.58600 9.59800 -0.98135 0.74417 -0.67169 -0.28774
-4.77320 7.52950 -0.63065 0.07780 -0.43945 -0.06599
-0.66855 5.57280 -0.45525 0.29849 0.37370 0.30476
-1.06760 10.27000 0.93369 -1.14290 0.18622 0.39613
0.21783 12.26900 0.21602 -0.53505 1.27630 0.03197
-5.78450 13.17800 -3.21840 -0.63432 1.30430 -0.00076
-0.59428 10.19300 0.22639 -0.29190 0.19714 0.20738
-1.09780 3.27110 0.23976 -0.65547 -0.21773 -0.53018
-0.82709 7.63320 0.78722 0.67949 -0.58806 -0.21938
-1.74270 13.10100 2.84920 0.99129 -0.87282 0.22466
-5.40850 13.08600 0.92709 0.89133 -0.61720 -0.22763
-3.59220 9.53590 -0.42264 0.21420 -0.67964 -0.31824
0.06960 5.18680 -0.02577 0.63434 0.55676 0.26837
-1.25420 8.59560 0.81310 -0.90485 0.29115 0.93604
1.31310 10.20600 2.89720 -0.86815 0.76022 -0.17380
-5.95330 13.24000 -4.42690 -0.40222 1.45880 0.00827
-0.85255 13.25700 -0.58606 -0.55382 0.77451 0.55066
-0.80707 3.84770 0.19736 -0.47589 0.20677 -0.38261
-1.47520 5.28090 2.78880 -0.06207 -0.88280 -0.64662
-4.56320 16.63600 5.60430 0.87482 -0.15024 -0.76108
-4.53220 10.49800 3.86230 1.01870 -0.79254 0.48178
-0.59717 7.30200 -0.52899 0.43845 -0.43190 -0.24841
-3.33900 7.40260 1.05780 0.34894 -0.02554 -0.11649
-0.18146 7.35890 0.35120 -0.36275 -0.55759 0.51851
-1.01910 11.27200 1.78760 -1.14620 0.07817 -0.40822
-3.83100 14.03900 -4.05090 -0.45082 1.50320 -0.01051
-2.79370 12.33000 -1.42380 -0.56584 0.46931 0.47966
0.42685 6.95270 0.10054 0.10281 -0.75142 -0.13460
-3.69980 4.02430 0.77246 -0.04201 -1.32330 -0.45694
0.98743 10.70200 2.33750 1.35510 -0.12144 -0.05560
-1.97920 13.41100 -0.62775 0.87697 -0.61761 0.69609
-1.50780 10.07400 2.33530 0.50992 -0.52011 -0.26236
-5.54000 9.10060 -0.81261 0.17316 -0.37265 -0.02762
-0.17278 5.90150 -0.41153 0.45204 0.91055 0.57211
-1.53740 10.12900 1.14240 -0.89891 0.55209 0.42010
0.66470 12.72900 0.55771 -0.44867 0.99370 -0.29501
-6.75560 11.63100 -2.46170 -0.51740 0.65663 0.12424
0.16721 9.22600 -0.61221 -0.32063 0.29015 0.14702
-2.01160 3.13450 -0.10378 -1.38860 -0.88904 -0.93871
-1.35080 7.89130 3.09630 0.88542 -0.07225 -0.45804
-5.64310 17.94400 4.17940 0.76097 -0.41508 0.31903
-0.91418 7.28820 -0.37656 0.82541 -0.55995 -0.18311
-4.61300 8.27150 -0.66716 -0.33160 -0.49498 -0.10849
-1.08230 6.04400 -0.37457 0.40744 0.38234 0.30804
-1.04060 9.03040 0.41843 -1.30000 0.40616 0.65367
0.20175 11.16500 1.52300 -0.78087 0.72168 -0.04675
-5.41650 13.70100 -3.13880 -0.57584 1.10390 0.19688
-0.68744 11.33400 0.04045 -0.67123 0.49480 0.49104
-1.78870 3.11180 0.08183 -0.48688 -0.18378 -0.51692
-1.56020 7.35850 2.95710 0.62079 -0.16158 -0.41153
-1.79070 12.00100 3.19220 1.03000 -0.88062 0.10329
-2.78690 13.41500 1.47000 1.15220 -0.79027 -0.29840
-4.24700 8.84010 -0.99426 0.38031 -0.74443 -0.30035
-0.11108 5.62110 0.50591 0.58156 0.21855 0.15445
-1.08000 9.12270 1.51590 -0.68831 0.16687 0.62914
0.74852 10.61000 2.65330 -0.48837 0.84352 -0.27658
-5.25070 11.83200 -3.48570 -0.39084 1.35880 -0.23856
-2.06070 14.27200 -0.31351 -0.88222 -0.23598 0.61375
-0.51242 2.75310 -1.38280 -0.01907 -0.09804 -0.38301
-3.06180 5.79700 1.96350 -0.15845 -0.20863 -0.30861
-2.10260 14.17600 4.65860 0.80266 0.66269 -0.72484
-6.11210 13.51000 3.13570 0.82602 -0.42397 0.50690
-1.18670 7.57000 -2.20360 0.38367 -0.56429 -0.16667
-3.33580 7.56480 1.38570 0.16748 -0.22263 0.16217
-0.86369 8.01940 0.40903 -0.09470 0.24547 0.92345
-1.59180 9.85870 0.90762 -1.13680 -0.26952 -0.28935
-2.11950 12.67900 -1.55630 -0.37956 1.39520 -0.18417
-4.93570 14.60400 -0.92546 -0.30046 0.50587 0.21230
0.65311 7.39860 1.50840 -0.08157 -0.84456 -0.08780
-3.33880 4.94150 0.67065 -0.10736 -1.33880 -0.42224
-0.79836 8.92280 0.82176 1.34020 -0.32480 -0.38997
-0.68373 11.70400 -2.75920 1.00430 -1.29960 0.85277
-1.66150 9.27160 1.26240 0.76797 -0.64343 -0.42874
-6.30570 10.39000 -1.09570 0.26375 -0.25325 -0.07268
1.62930 5.82610 -1.05330 0.77461 0.54126 0.29567
-1.30720 9.49550 0.77559 -0.88649 0.45596 0.60266
-0.48291 10.04700 2.65650 -0.62057 1.00380 -0.20555
-6.65730 13.23400 -4.33680 -0.40143 1.42500 0.06168
-1.13070 11.94900 -0.22668 -0.34279 0.31311 0.50887
-2.22630 2.73170 -0.69289 -1.18670 -0.52788 -1.11360
-1.88240 7.17750 1.88600 -0.01045 -0.29478 -0.19501
-2.75120 16.17200 2.00500 0.64159 -0.79610 0.61786
-2.39330 6.94970 0.85213 0.91772 -0.52667 -0.19568
-4.12840 12.69900 -1.71720 0.11371 -0.62297 -0.23236
-0.57967 3.82200 -0.01781 0.58340 0.39938 0.29709
-0.70395 8.81660 0.58250 -0.52376 0.05486 0.81624
0.41348 10.23000 2.47850 -0.75603 0.44427 -0.42401
-5.13140 13.96500 -4.50440 -0.37735 1.12560 -0.11159
-1.58510 13.01000 -0.96800 -0.81543 0.78510 0.55693
-0.63145 3.63220 -0.22859 -0.72678 -0.19582 -0.56342
-2.02990 4.96660 2.20280 0.10791 -0.32001 -0.66885
-3.58080 14.48300 6.02050 1.10440 -0.62790 -0.30415
-1.98270 10.53100 -1.26120 1.10800 -1.41280 0.20760
-2.83280 8.53980 -0.10046 0.29483 -0.73018 -0.35831
-3.70100 7.09300 -0.03162 0.33507 -0.01225 -0.02867
0.86867 7.54880 -0.04384 0.29881 0.14241 0.77423
-0.94470 11.19000 2.08910 -0.96936 0.20435 -0.09609
-1.81370 12.17200 -0.37338 -0.57333 1.21230 -0.21394
-4.56170 13.03500 -3.01800 -0.22836 0.62968 0.24678
0.12764 8.54110 -0.28865 -0.34285 -0.17328 0.04666
-2.36470 3.11980 0.26524 -0.37550 -1.04710 -0.67036
-1.50000 9.54140 2.61280 0.84717 -0.55466 -0.13710
-2.50790 14.77600 -0.56175 0.91310 -1.04150 0.59351
-4.28950 10.17800 1.70150 0.75031 -0.64981 -0.17953
-4.52830 9.41320 -0.99518 0.19427 -0.29086 -0.31529
0.12543 5.52430 -0.64513 0.81351 0.33997 0.42969
-0.12367 8.76140 0.50294 -0.82144 0.61897 0.79660
0.66078 10.65300 3.06650 -0.97307 0.93051 -0.08217
-5.36040 12.49600 -4.67620 -0.39081 1.18010 -0.15541
-2.55110 12.66600 -0.68088 -0.57529 0.60678 0.44775
-0.29189 1.82090 -0.82306 -0.39983 0.72517 -0.08652
-2.44190 6.03420 3.17070 0.18623 -0.80458 -0.18591
-5.71700 18.38000 7.75090 0.77231 -0.44846 -0.45193
-8.36590 11.04600 5.31160 0.67715 -1.02110 -0.08220
-1.76580 7.55830 -1.70320 0.34445 -0.90813 -0.18958
-2.28520 6.20590 1.70670 0.41747 -0.17397 0.03416
-0.73891 8.55510 1.14500 -0.01662 0.11063 0.85118
-1.73060 10.24500 2.52250 -1.16440 0.00446 -0.18420
-1.98740 12.49500 -1.62620 -0.33426 1.32630 -0.36238
-6.31270 14.68100 -0.47464 -0.31419 0.41669 0.43373
0.60484 8.16640 0.02010 -0.28381 -0.08954 0.18109
-3.05260 2.48820 1.21190 -1.03680 -1.11770 -0.55559
-1.46740 10.64500 1.62520 0.81175 -0.23866 -0.32812
-1.95190 12.57900 1.08420 0.77313 -0.86311 0.56526
-2.40750 8.86850 -0.64294 0.87527 -0.58102 -0.32271
-4.72190 8.97650 -0.45732 0.47830 -0.50270 -0.30260
-0.17346 5.27710 -0.67812 0.44736 0.45210 0.26596
-1.09880 9.11120 0.76622 -1.18960 0.44313 0.52124
-0.35985 12.63500 1.70750 -0.63379 0.89668 -0.17593
-4.36720 12.09700 -3.67320 -0.48112 1.05170 0.06903
-1.25700 10.79400 0.14299 -0.41344 0.32111 0.40927
-1.02060 3.82320 -0.43434 -0.37048 -0.77971 -0.52753
-1.80670 6.88390 2.04800 0.70996 -0.57829 -0.49156
-2.55560 13.15800 0.59769 0.90547 -1.05540 0.08072
-2.94380 13.92200 1.77400 1.01900 -1.04280 -0.01065
-4.54570 7.67020 -1.11080 0.10321 -0.33141 -0.16313
-0.86737 6.46700 0.02525 0.67906 0.79124 0.30769
-0.30159 8.51380 0.32062 -0.66742 -0.12991 0.88376
1.45720 10.17700 3.35880 -0.83958 0.35991 -0.29356
-6.52530 13.53500 -2.94500 -0.40260 1.49340 -0.22229
-0.89224 13.71200 -0.44769 -0.67529 0.49023 0.49266
-0.25964 5.48900 -0.37433 0.31326 0.02531 -0.30078
-2.79510 4.31110 1.36380 0.14330 -0.82716 -0.58409
-2.43650 14.91100 1.63770 1.02350 -0.14496 -0.48152
-2.81520 16.18300 2.57430 1.03160 -0.72701 0.52501
-0.77888 8.47880 0.41556 0.30901 -0.42964 -0.22319
-4.01290 8.64720 1.24590 0.19182 0.04332 -0.06387
-0.84122 7.56400 0.79836 0.44487 0.17000 0.51273
-0.91774 8.58180 1.58110 -0.89430 0.36893 0.12627
-2.37860 12.90600 1.67320 -0.47873 1.53270 -0.36279
-3.83920 13.28000 -4.46710 -0.69643 0.56349 0.15927
-1.22540 9.03320 -0.57739 -0.72092 0.28134 0.08026
-1.09120 3.13080 -0.76744 -2.09340 0.07930 -0.47627
-2.52750 8.36170 2.77710 -0.02718 -0.33844 -0.49902
-5.41380 15.36600 7.30660 0.64133 -0.36380 -0.58530
-5.01000 6.13510 -0.46910 0.92085 -0.70805 0.01614
-2.09460 7.71210 -1.35150 0.20590 -0.24986 -0.29875
-1.33330 6.20790 0.91994 0.37372 0.09965 0.00768
-0.76875 8.14630 0.74858 -0.22830 0.13071 0.61707
-1.41330 11.54700 1.66680 -1.14380 -0.18880 -0.15813
-2.77370 13.24000 -2.37210 -0.48511 1.26640 -0.05821
-5.18490 12.65400 -0.95264 -0.41534 0.48544 0.32812
-0.05125 8.16350 0.12523 -0.32394 0.24557 0.22935
-2.74140 4.16290 0.73872 -1.61700 -0.39671 -0.36227
-0.77905 9.01620 2.00020 0.43620 -0.04686 -0.47070
-0.78354 11.84900 3.28660 0.87416 -0.82545 0.59813
-2.51790 8.81830 -2.32880 0.85817 -0.26399 -0.42343
-5.69150 9.67300 0.24632 0.13008 -0.47583 -0.17047
0.12553 5.11070 -0.52336 0.63846 0.20633 0.23634
-0.80585 9.09850 0.56120 -0.62822 -0.09302 0.67419
-0.75342 11.30300 2.11390 -0.59482 -0.03354 -0.56215
-5.04460 14.37600 -5.10500 -0.35402 0.76782 -0.08256
-1.16450 10.93200 -0.59612 -0.64873 0.48746 0.50438
-1.11750 4.43630 0.24774 -0.51283 -0.35161 -0.49571
-2.31210 5.20680 2.02640 -0.16472 -0.10799 -0.29895
-3.30410 14.71700 5.34900 0.90364 0.00717 -0.41995
-1.37630 10.27000 1.09080 0.92513 -1.09200 0.38019
-3.23570 10.89900 -1.20120 0.52350 -0.56593 -0.26352
-3.97350 8.33510 0.31546 0.15039 -0.23196 -0.05374
-0.18192 6.64400 -0.63339 0.52260 0.67542 0.48430
-0.89305 9.18320 1.52890 -1.11410 0.30031 0.49133
0.19698 11.60700 1.65910 -0.90874 1.22520 -0.19444
-6.23220 14.05900 -4.57190 -0.53081 1.00760 0.00336
0.21019 10.77300 -0.78865 -0.62985 0.76321 0.33656
-1.99790 3.89320 0.02400 -1.14950 -0.64668 -0.47054
-0.46518 6.06390 2.15470 0.32854 0.11145 -0.35498
-5.94920 15.11200 6.47620 0.75861 0.16034 -0.30400
-1.91410 12.20800 -1.74370 0.79410 -0.86888 0.06494
-1.32520 6.14480 -1.36930 0.27454 -0.58990 -0.37129
-2.83450 6.73090 0.24670 0.24095 0.15016 -0.00154
-0.00391 8.76390 0.27550 -0.16634 0.27898 0.86998
-1.87150 11.83900 1.35210 -1.19500 0.13681 -0.20107
-3.62760 12.27600 -1.76040 -0.42299 1.80360 -0.03426
-3.92990 13.78800 -2.76300 -0.02551 0.54288 0.29410
0.42195 7.62880 0.30830 -0.40646 -0.47754 0.13911
-3.47990 4.35120 1.64860 -1.38190 -1.21960 -0.28549
-0.48465 9.09610 0.24852 0.67436 -0.30664 -0.08211
0.41803 11.16000 -0.48734 1.03720 -1.20760 0.66408
-4.40200 11.00600 -2.52590 0.89783 -0.60851 -0.35258
-6.18920 10.00700 -0.43556 0.18964 -0.35764 -0.20593
0.74927 5.24510 -0.87270 0.64903 0.26117 0.21071
-0.34804 8.22480 1.10690 -0.59120 0.28703 0.94827
0.00400 12.03900 2.67870 -0.85255 0.14047 -0.44981
-3.93300 13.64000 -4.11790 -0.43962 0.95311 -0.15802
-2.72470 12.77500 -0.61998 -0.34583 0.51036 0.31891
-0.36166 5.67190 0.09557 -0.05029 -0.56311 -0.43829
-2.01850 4.82410 1.77240 0.17212 -0.59908 -0.55876
-2.30880 12.05200 3.01150 1.20370 -0.29800 -0.30031
-1.55720 12.84300 0.12222 0.95480 -0.97429 0.40666
-2.26920 9.23880 1.59690 0.44708 -0.39793 -0.24518
-4.57060 8.02670 -0.27759 0.09946 -0.16954 -0.07115
0.18842 7.45770 -0.21416 0.45285 0.04576 0.63644
-1.62930 10.40400 0.92014 -1.37280 0.53925 0.33833
0.08055 12.08500 2.17200 -0.77824 1.48320 0.05774
-5.89970 12.27400 -3.01880 -0.53835 1.00930 0.20027
-0.03537 9.48080 -0.32953 -0.18973 0.08708 0.07953
-2.66410 3.57400 0.05366 -0.34882 -0.11714 -0.22731
-1.05330 7.42830 2.40380 0.61031 -0.42953 -0.34174
-2.32930 11.70700 3.82680 0.80774 -0.92259 -0.11134
-2.93290 16.00600 2.45420 0.84303 -0.96819 0.00900
-3.98260 6.61840 -0.41490 0.38574 -0.86205 -0.42389
-0.65558 6.49970 -0.58163 0.49368 0.10733 0.09645
-0.73442 7.74170 1.50250 0.12524 0.12685 0.77957
0.24739 10.99500 3.16920 -0.81294 0.32773 -0.25606
-2.43830 12.65800 -2.69440 -0.67102 1.37480 -0.34561
-3.24230 13.96900 -2.64100 -0.51274 0.48180 0.22159
0.09679 7.26890 0.17229 -0.02771 -0.49370 -0.13188
-2.18500 3.98400 0.36513 -0.44337 -0.64824 -0.35168
-1.07960 8.80450 2.70810 1.11390 -0.23074 -0.32600
-3.62380 15.53600 2.10340 1.02170 -0.80577 0.44345
-2.26650 9.47790 2.00570 0.91620 -0.45033 -0.14735
-4.59490 8.74750 -1.24030 -0.00458 -0.11763 -0.29268
-0.37006 6.20210 -0.67531 0.59390 0.71729 0.11278
-0.58568 8.95190 -0.19780 -1.06500 0.38795 1.09670
1.16000 11.28100 3.51970 -0.65376 0.30309 -0.31252
-7.35870 12.38100 -4.33290 -0.58401 1.21920 -0.10631
-1.02230 12.62700 0.13588 -0.74892 0.82829 0.59207
-0.17145 3.57010 -0.80724 -0.05305 -0.08682 -0.69130
-3.08280 5.51900 3.94070 0.35800 -0.61288 -0.52521
-3.24660 18.63800 3.78180 1.09050 -0.36420 -0.29187
-4.13230 12.40900 3.70290 1.04890 -0.79581 0.03380
-1.28650 7.51220 -1.56940 0.37471 -0.56491 -0.29156
-2.84800 6.69090 0.98540 0.37007 -0.12291 0.02428
-0.46895 7.81680 0.82838 -0.22290 0.27605 0.71570
-1.50860 11.09900 2.67970 -0.89539 -0.19987 -0.20572
-2.69110 13.12800 -1.93860 -0.62296 1.75420 -0.11066
-4.83620 13.82000 -0.20773 -0.26993 0.83604 0.41766
1.60610 6.65370 -0.09833 -0.24475 -0.04475 -0.09514
-3.64680 4.71880 1.31470 -1.24420 -0.65898 -0.71335
-0.56563 9.75380 0.63686 0.78227 0.06964 -0.30379
-1.88140 12.32400 1.54260 0.77304 -0.98697 0.62529
-1.92430 9.25270 -1.02950 0.83679 -0.89212 -0.13730
-5.63820 8.68650 -0.56227 0.32762 -0.26195 -0.43098
-0.00134 6.07980 -0.37080 0.49223 0.39629 0.23674
-0.49611 8.14690 0.93539 -1.10640 0.23398 0.66661
-1.03950 12.48000 1.73420 -0.76234 0.79614 -0.32437
-5.59010 13.26400 -4.09310 -0.63055 1.38020 0.02101
0.01808 11.45700 -0.68427 -0.62839 0.59366 0.47777
-1.04900 4.04230 -0.65442 -0.94971 -0.22360 -0.64130
-2.98680 5.77310 2.23160 0.07393 -0.09580 -0.52075
-3.88200 13.24500 4.83600 1.02060 -0.01535 0.01179
-1.91110 11.24800 -0.47200 0.90852 -0.27660 0.44534
-2.08180 9.48810 -0.07429 0.46989 -0.16002 -0.04010
-2.64960 6.45870 0.75578 0.09953 -0.60362 -0.14244
-0.68341 7.76420 -0.11525 0.24124 0.27187 0.37396
-2.73150 10.82500 0.30008 -0.79437 0.44418 0.21880
0.18111 12.19800 1.53480 -0.60147 1.31800 -0.25064
-4.59000 12.31600 -2.62830 -0.22874 0.71274 -0.04440
-1.09490 10.50200 -0.75795 -0.61653 0.26045 0.24628
-1.23300 3.90040 0.24460 -1.79020 -0.77394 -0.50412
-2.07690 6.31870 1.12110 0.00192 -0.47801 -0.52829
-4.64320 12.50900 5.52400 0.71826 -0.13510 -0.31467
-3.65860 8.48470 -0.81639 0.88187 -0.70857 0.15695
-1.99870 8.76420 -1.36820 0.42059 -0.33446 -0.33789
-3.07810 6.02730 0.81859 0.42754 -0.09154 0.27263
-0.27853 7.61670 0.22781 -0.14186 -0.15538 0.35516
-2.40780 11.41900 1.45860 -1.17300 -0.23630 -0.33693
-1.65560 13.18100 -2.10510 -0.53300 1.14870 -0.15428
-4.16980 12.69000 -2.44280 -0.35080 0.10835 0.32407
-0.59581 8.86260 -0.14330 -0.54124 0.34364 0.39171
-3.06000 3.18690 0.68207 -1.63490 -1.36820 -0.82355
-0.45847 7.75410 2.25420 0.76303 -0.25073 -0.65367
-5.10000 13.95600 0.19360 0.62776 -0.88307 0.41429
-2.05490 5.78490 -1.42010 0.54552 -0.43910 -0.32593
-4.53150 9.25050 0.10115 0.37573 -0.58652 -0.15675
1.17290 6.21420 -1.22080 0.59393 0.63803 0.11617
-1.24070 8.12610 1.64940 -1.01870 -0.08112 0.59560
-0.21225 11.80000 1.59220 -0.80910 0.19731 -0.35077
-5.28020 14.09600 -5.15690 -0.48250 0.70435 -0.02776
-1.29580 10.71500 -0.88768 -0.45790 0.37450 0.45311
-1.57030 5.70410 0.12939 -0.08493 -0.09146 -0.61424
-1.93570 4.55420 1.69000 0.25011 -0.66939 -0.29724
-1.03440 11.75000 2.30590 1.17880 -0.20384 0.13870
-4.79700 15.86500 5.15910 1.05610 -0.79410 0.06262
-2.86050 10.47600 0.21429 0.47112 -0.57066 -0.17052
-2.46560 5.75350 0.36505 0.31062 -0.29080 -0.15463
-0.90167 8.25490 0.59128 0.19925 0.05446 0.59550
-1.39970 10.27300 1.57650 -0.94525 -0.00702 0.29124
-1.26850 12.45400 -0.55264 -0.54504 1.25800 -0.05405
-5.24070 11.17200 -2.40130 -0.44083 1.21410 0.09299
-0.82310 9.89050 0.12494 -0.51079 0.27301 0.11058
-1.12850 3.56330 0.38878 -0.60384 -0.16151 -0.44128
-1.94180 8.43840 1.71790 0.79036 -0.78030 -0.43474
-2.80730 13.38500 4.26690 1.11540 -0.93835 0.00201
-5.49210 14.20400 -0.50862 0.82500 -0.76508 -0.17946
-3.45420 9.42310 -0.38541 0.26949 -0.24673 -0.26122
-0.16353 5.75430 0.23082 0.55635 1.00260 -0.05179
-0.64502 8.10360 1.73850 -0.20413 -0.35735 0.79318
0.31537 9.87790 2.32680 -0.95038 0.11360 -0.30881
-4.24510 13.11200 -3.24130 -0.68779 1.15190 -0.13029
-3.47480 12.77100 -2.53850 -0.39798 0.72620 0.16890
-0.52574 7.33130 -0.50229 -0.02631 -0.42599 -0.17177
-2.39920 3.98630 0.46761 -0.62451 -0.26483 -0.58389
-1.34010 8.49130 2.51160 1.36370 -0.11435 -0.14764
-3.62700 19.11000 2.27660 0.95145 -1.10980 0.54941
-1.38740 10.45700 0.40649 0.67198 -0.72533 -0.07721
-4.67760 7.45310 -0.61824 0.04889 -0.35420 -0.23129
-1.15310 7.70600 -0.09978 0.84280 0.52603 0.45485
-1.16000 9.56080 1.09990 -0.90417 0.76718 0.78004
0.21519 10.17100 3.49070 -1.00110 0.78864 -0.19081
-5.39090 12.56400 -4.83480 -0.64507 1.29100 -0.24490
-2.74780 12.72500 -0.67160 -0.22176 0.67628 0.54613
-0.42470 3.33750 -0.63126 1.36130 0.14975 -0.37283
-2.31040 4.99160 2.06180 0.23273 -0.34853 -0.84517
-2.22120 13.33100 0.62502 1.23370 -0.34396 0.11360
-0.19127 19.45800 -0.67961 1.00120 -1.40110 0.69627
-0.78510 8.10160 0.12840 0.81009 -0.60977 -0.20300
-5.83530 9.60950 -0.66542 0.09846 -0.55342 -0.02795
0.39124 6.86110 0.29688 0.86464 0.71521 0.51682
-2.24720 10.43300 1.40110 -1.06480 0.55560 0.58669
0.63586 10.63400 1.79100 -0.55040 1.00590 -0.19795
-8.10290 13.24500 -4.51240 -0.69533 0.96016 -0.13171
-0.99707 11.07300 -0.37878 -0.47472 0.18947 0.42374
-1.59480 3.50470 -0.80386 0.09784 -0.34531 -0.32275
-2.39040 5.76090 2.32450 -0.15620 0.06021 -0.73135
-1.52040 12.71500 1.52340 0.95207 0.02264 0.12206
-0.12427 16.64300 0.20139 0.88640 -0.64772 0.25050
-0.90868 9.46980 1.08560 0.52138 -0.26013 -0.15446
-4.07620 6.82680 -0.20387 0.27235 0.09555 -0.26642
-0.47411 8.29910 0.29736 0.04456 0.05344 0.34126
-0.96652 9.80400 0.85532 -1.04460 0.26997 0.24007
-1.04580 12.43000 0.68950 -0.50430 1.37730 -0.15202
-5.33940 11.72500 -2.96280 -0.28229 0.87929 0.16748
1.14300 10.19400 -0.42755 -0.39502 0.17104 0.28368
-4.27030 4.02540 1.18090 -0.43701 -0.64757 -0.55513
-0.39758 7.56590 1.49100 0.72903 0.16347 -0.00961
-2.68150 16.10700 1.21330 0.66052 0.19502 0.51810
-2.61680 7.27520 3.14340 0.53378 -0.40961 -0.05806
-4.26200 11.09300 -1.11360 0.08885 -0.47044 -0.25369
-1.14320 5.28980 -0.79668 0.40891 0.01352 0.06638
-0.70320 8.60540 0.35881 -0.13902 0.16310 1.02570
-0.60213 10.00700 2.10970 -0.91002 0.26631 -0.15033
-1.88020 12.79400 -2.80850 -0.74963 1.57010 -0.15729
-3.95810 13.86200 -1.09090 -0.00410 0.62924 0.09642
0.42163 6.99460 -0.14584 -0.33754 -0.20168 0.28584
-3.28020 4.91260 1.05770 -0.89032 -0.97849 -0.19458
-1.03420 9.15680 1.55320 0.51300 -0.45381 -0.12381
-1.53320 9.94740 2.16280 0.73203 -0.89722 0.05753
-3.87200 13.07100 0.53149 0.77820 -0.63521 -0.12764
-4.06550 8.87030 -0.73393 0.04977 -0.35965 -0.23405
-0.52435 5.46950 -0.85213 0.66347 0.67836 0.26569
-0.57422 9.16560 0.67163 -1.20770 0.45959 0.79749
0.99707 10.16600 2.02560 -1.01940 0.12868 -0.26859
-4.93130 13.21700 -5.72590 -0.57564 0.74562 -0.28270
-0.77280 14.04200 -0.71638 -0.36444 0.29144 0.19672
-0.30588 5.53100 0.47392 0.18559 -0.27718 -0.39825
-1.59860 5.19030 1.01440 0.69746 -0.11401 -0.13402
-0.94528 11.30900 2.32090 1.58300 0.20633 -0.39125
-1.98270 19.07600 0.27844 1.16690 -0.49677 0.62791
-0.75209 8.82100 2.68300 0.62001 -0.44594 -0.14767
-5.11690 5.76120 0.74489 0.10442 -0.35631 -0.11537
-1.20360 8.44110 -0.40417 0.65585 0.80318 0.36504
-1.14870 10.22400 0.28784 -1.00560 0.21666 0.58392
1.75940 11.22700 0.97440 -0.83344 1.12590 -0.22778
-8.84210 13.83400 -4.39390 -0.73244 1.00980 0.11058
-0.11429 10.90700 -0.31627 -0.42911 0.26927 0.50618
-1.45480 2.26530 -1.25460 0.03191 -0.21150 -0.29468
-2.11670 6.51800 3.20490 0.25934 0.51581 -0.56491
-2.94770 14.60100 3.04070 0.93379 -0.31544 0.18546
-3.58920 17.25400 1.96410 1.29690 -1.07740 0.03243
-3.72110 6.47520 -0.51875 0.37457 -0.42194 -0.46881
-2.13010 5.82240 0.29930 0.38765 -0.19806 0.21033
0.03940 9.03790 -0.23341 -0.52080 -0.11166 0.98401
-1.42240 10.32000 2.26410 -1.13880 0.27614 -0.12894
-4.14200 13.00600 -3.45650 -0.46556 1.63680 -0.14975
-3.09760 13.99100 -0.06760 -0.29091 0.79756 0.34103
-0.23012 5.85370 0.28882 0.14815 -0.01984 -0.11902
-2.15870 4.09630 1.74310 -0.63283 -0.80182 -0.65845
-1.98300 11.43700 0.08240 1.10860 0.07379 -0.19986
-1.53750 14.81800 2.67030 0.93481 -0.75899 0.34781
-2.29120 9.01940 -0.55258 0.60130 -0.63239 -0.23042
-3.85500 7.92610 0.58762 0.12706 -0.42412 -0.20723
-0.62263 6.54890 0.00655 0.40109 0.45105 0.66101
-1.61560 9.28800 0.92770 -0.81093 0.65260 0.62851
-0.65941 11.97300 1.70950 -0.79210 1.38290 -0.30754
-5.60570 13.41400 -4.07590 -0.46239 1.23230 -0.02525
-0.40968 10.89400 -0.86865 -0.59698 0.42542 0.21248
-1.46470 3.57570 -0.08810 -0.81940 0.38725 -0.18089
-2.36740 6.50000 2.19480 -0.29329 -0.15012 -0.50246
-6.10050 14.29100 7.08500 0.75490 0.39685 -0.70447
-5.97540 11.08900 2.85080 0.79591 -0.36935 0.27272
-0.95534 7.36350 -1.61570 0.43217 -0.62888 -0.17343
-3.54730 7.26310 1.00870 0.14510 -0.17360 0.02690
-0.82611 7.81370 0.18170 0.07600 0.18352 0.47820
-1.85210 10.40100 1.65910 -0.97455 0.05064 0.20198
-2.47730 12.64700 -0.64108 -0.63663 1.50010 0.00539
-6.57180 11.97600 -1.65330 -0.66104 0.84689 0.01633
-0.17978 10.00400 -0.07652 -0.76207 0.73857 0.29958
-1.00880 3.17680 -0.74533 -1.47840 -0.67683 -0.10201
-2.14150 7.00920 2.55440 0.27322 0.38960 -0.14680
-6.92930 16.13400 7.32910 0.30334 0.45689 -0.04703
-3.82210 12.28000 1.51170 0.85547 -0.60451 -0.01051
-3.32430 7.48250 -3.19260 0.29279 -0.77130 -0.11809
-1.91180 4.48090 0.17670 0.39157 0.63216 0.01468
-0.49625 8.96590 0.25368 -0.46892 0.25053 0.80910
0.05011 11.37900 2.10870 -0.79085 0.60713 -0.33743
-4.86370 13.50800 -2.61870 -0.59099 1.34410 -0.16890
-1.60720 11.52700 -1.43220 -0.49614 1.02370 0.25513
0.13239 7.85850 -0.40053 -0.02188 -0.30969 -0.10423
-3.13830 4.74750 1.48520 -0.88330 -0.75189 -0.52303
-1.47740 11.18900 1.31560 0.55762 -0.08154 -0.13614
0.83159 9.61070 3.96470 0.97733 -0.94058 0.47585
-2.21170 9.42320 -1.89320 0.84010 -0.46974 -0.36604
-5.02040 8.49060 -0.28006 0.16965 -0.47292 -0.33588
0.28418 5.30080 -1.04400 0.49797 0.14052 0.35483
-1.38310 8.78890 0.69008 -0.70052 0.16338 0.71538
-0.86586 11.21800 2.25650 -0.78287 0.86473 -0.32318
-5.73230 13.22000 -4.37310 -0.68686 1.63370 -0.07811
-0.45966 12.98000 -0.46786 -0.55533 0.45438 0.28502
-1.43860 3.27700 -0.27225 -0.70650 -0.12184 -0.73438
-2.86900 5.95390 2.18480 -0.10468 -0.17644 -0.34978
-3.45200 12.61300 5.39710 0.94537 0.43686 -0.27698
-2.69660 12.02100 -1.16510 0.94049 -0.45673 0.23015
-1.44170 7.90420 -0.07759 0.34769 -0.68372 -0.36900
-3.36850 5.56000 0.16882 0.26923 -0.96289 0.11794
-0.79210 7.47030 -0.32529 0.48195 0.48177 0.32213
-3.46190 10.35000 0.96323 -1.20020 0.23997 0.92287
0.74469 10.19100 3.13470 -0.99983 1.89380 0.00197
-9.92250 16.01600 -3.13120 -0.49513 1.46070 -0.16698
1.16530 9.68320 -0.41003 -0.51181 0.79349 0.34348
-2.75930 4.30140 -0.77527 -1.61050 -1.65810 -1.14070
-0.22942 5.85050 2.03040 0.53746 -0.50705 -0.09503
-2.20210 12.49200 1.42750 0.94894 -1.18510 0.73537
-3.89140 9.96570 -1.88510 1.11610 -1.01890 -0.33701
-6.47310 11.92100 -0.06378 0.21434 -0.83043 -0.19212
-0.47525 3.92280 -1.47670 0.60220 1.06920 0.17441
-0.70360 7.44520 0.46432 -1.28320 0.10831 1.07700
2.32540 10.60100 3.01210 -0.70474 0.60719 -0.58891
-7.96440 13.72100 -3.34440 -0.48305 1.41310 -0.04571
2.57510 13.49800 -0.06046 -0.52119 0.31409 0.63905
-2.06370 3.19760 -0.53439 -0.09463 0.28510 -0.63185
-2.54300 5.66550 2.60230 -0.07362 -0.30577 -0.48445
-1.50490 14.29600 1.19170 0.92538 0.09804 -0.35466
-5.29660 12.20000 4.21580 0.81227 -0.29840 0.23538
-3.38020 7.08150 -2.14870 0.54131 -0.09287 -0.38814
-3.20640 7.24300 0.08336 0.28131 0.12137 0.11618
-0.97940 8.00910 0.58423 0.01591 -0.34143 0.61259
-1.57130 10.29500 2.05620 -1.03690 -0.33818 -0.01680
-2.88210 13.36600 -1.27160 -0.37184 0.92953 -0.23297
-5.76140 12.88800 -1.27290 -0.24695 0.55652 0.14828
0.36798 8.80830 0.21246 -0.28899 0.61290 0.11166
-2.30540 2.86680 1.04920 -1.10780 -1.26540 -0.42740
-0.44223 9.48410 0.52232 0.93925 0.04762 -0.43047
-5.36010 14.50800 1.15840 0.73398 -1.02130 0.70993
-2.32800 8.62820 -1.41250 0.59724 -0.44797 -0.30962
-4.47390 8.95150 0.89302 0.19745 -0.59669 -0.15553
-0.28438 5.41260 -0.71881 0.59299 0.25491 0.40408
-1.60200 9.20560 0.79976 -1.05920 -0.10873 0.68005
0.02214 11.87400 1.94000 -0.81712 0.89687 -0.25702
-6.26150 13.54700 -3.89610 -0.52522 1.39360 0.03720
0.63141 11.61800 -0.52269 -0.65900 1.00990 0.49353
-1.76080 2.91270 0.03952 -1.07680 0.15163 -0.68977
-1.08540 6.51400 2.15740 0.23502 -0.22618 -0.64166
-2.91620 12.33500 3.24720 1.08500 -0.85376 0.19746
-2.44240 12.24500 -1.36820 1.15110 -1.12820 0.00699
-3.96950 9.02850 0.15948 0.35809 -0.37776 -0.44534
-2.46670 6.07270 -0.23946 0.42064 -0.19592 0.11740
0.39024 7.60320 -0.16583 -0.27278 0.08868 0.83446
-1.73580 11.18000 2.13270 -0.80354 -0.02966 -0.18219
-2.69940 12.94300 -2.32780 -0.35895 1.38050 -0.23289
-4.14220 13.09000 -1.10120 -0.01205 0.62421 0.34943
0.17310 7.20070 -0.00891 0.19870 -0.59196 0.08019
-2.87470 3.84920 1.29680 0.00172 0.38531 -1.02830
-1.82180 9.62420 -0.26271 0.91573 -0.12534 0.08173
2.91160 16.69700 -1.72760 0.79259 -0.57199 0.73410
-4.55420 8.15080 2.19220 0.64603 -0.42014 -0.07353
-4.53160 6.96450 -0.72444 0.21075 -0.08601 0.07162
0.53336 6.02970 -0.40773 -0.00052 0.35486 0.25496
-2.66850 9.89860 1.43950 -0.91106 0.48814 0.23732
-1.10790 12.66500 -1.06530 -0.59200 0.75183 -0.15953
-6.07840 10.93700 -0.27802 -0.50531 0.21263 0.23355
-3.06350 8.13640 -3.54090 -0.24979 0.00867 -0.09601
-1.76690 2.94150 -0.82407 -1.19730 -1.79660 -0.53307
-0.26396 8.61400 3.74100 0.76198 0.15001 -0.24670
-5.21340 16.60000 1.56720 0.68744 -0.89183 0.58109
-1.12220 7.98180 -0.64513 0.60228 -0.43884 -0.26425
-5.60010 9.32680 -1.26450 0.42334 -0.44969 -0.15845
0.03241 6.82580 -2.01710 0.06972 0.34068 0.37320
-1.91770 7.15250 1.98010 -1.04710 0.31155 0.48271
-0.49622 12.00700 1.00220 -0.40082 1.36080 -0.31059
-5.86370 11.86800 -2.20470 -0.61084 1.20750 0.12488
0.88902 11.92000 0.08449 -0.55307 0.23425 0.20061
-2.51780 1.68040 -0.32611 -0.46793 0.26566 -0.12506
-2.20290 7.88750 2.86160 0.35934 0.62787 -0.35631
-4.35860 14.29500 5.39280 0.86063 -0.84692 -0.42599
-5.96820 16.59100 0.77478 1.03400 -0.97099 0.07152
-4.07240 5.91090 -0.16896 0.41589 -0.76973 -0.37357
-1.21160 6.16090 0.72383 0.37769 0.15263 0.19070
-0.97231 8.79470 0.81012 -0.51102 0.10558 0.95911
-0.31375 9.95070 2.28260 -0.93065 0.16617 -0.25659
-4.80940 12.73700 -3.43920 -0.47574 1.22570 -0.23053
-3.92670 14.41400 -0.43887 -0.51732 0.78937 0.43698
0.33838 5.19270 -0.62413 -0.10994 -0.10989 -0.24948
-2.50180 4.41960 2.28790 -0.27652 -0.82524 -0.52068
-2.91090 13.71900 2.70120 0.95483 -0.09831 -0.35730
-3.06910 13.67100 2.13460 0.96980 -0.97224 0.44963
-2.82170 8.11690 -1.27630 0.74382 -0.46466 -0.29665
-4.17920 8.69610 0.87979 -0.01350 -0.49709 -0.07886
-0.51991 6.65100 0.06393 0.45569 0.22238 0.49901
-2.10170 9.76690 0.63448 -1.00220 0.34135 0.37611
-0.64102 11.39600 1.00380 -0.47661 1.43470 -0.17528
-6.24430 13.85500 -2.62720 -0.42484 0.99879 0.06810
-0.21696 10.75300 -0.03499 -0.77881 0.66263 0.26634
-2.18740 3.18270 -0.29271 -1.73010 -0.40469 -0.19223
-1.78290 6.09510 2.03120 0.13890 0.01376 -0.34566
-4.27840 13.25900 6.59840 0.72122 -0.49948 -0.14810
-3.98060 10.55300 -1.06730 0.91447 -0.90230 0.11380
-3.76060 7.51450 -1.64300 0.10892 -0.58357 -0.27808
-2.63220 4.88210 -0.88135 0.52715 -0.11761 -0.12210
0.27246 8.75380 0.99419 -0.52505 0.22987 0.98082
-0.93639 11.35200 1.67990 -0.81065 0.05624 -0.09346
-2.47250 12.61500 -3.37920 -0.63942 1.11720 -0.21419
-4.05220 13.98600 -1.32220 -0.18669 0.80406 0.13371
0.40677 7.18680 -1.07780 -0.34460 -0.43259 0.04588
-3.06340 5.16320 0.90982 -0.54143 -1.08310 -0.59785
-1.17320 9.13820 2.41960 1.09340 -0.07721 0.01511
-1.68390 11.80500 -0.10506 0.92551 -1.15110 0.60117
-2.67720 10.48400 1.64260 0.80377 -0.64012 -0.30354
-5.84830 8.67820 -0.49579 0.07780 -0.40945 -0.07889
0.38930 6.31750 -0.59692 0.60234 0.26501 0.36392
-1.77440 10.58500 0.58568 -0.99843 0.18028 0.54527
0.73706 9.55240 2.23110 -0.49928 0.84818 -0.22261
-6.94850 11.97800 -4.24270 -0.39740 1.07350 -0.06784
-1.30460 11.67900 0.18953 -0.82350 0.56543 0.36127
-1.16990 2.56430 -0.44676 -0.38971 -0.38045 -0.59425
-1.77460 6.66730 2.43530 0.30800 -0.34605 -0.50989
-5.53790 16.89000 4.06010 1.00180 -0.39293 -0.02740
-4.35040 10.63500 1.88180 1.04030 -0.82910 0.00172
-4.22610 7.16550 -2.25430 0.36551 -0.52335 -0.32899
-1.97230 6.10180 0.35506 0.42473 0.04973 0.14256
-0.22626 8.50320 0.28369 -0.53105 0.06731 0.84108
-1.19790 10.32800 1.89090 -0.93324 0.17497 -0.23929
-4.57680 12.45000 -3.08800 -0.56691 1.38910 -0.13596
-3.63840 13.89600 0.35616 -0.40712 0.81432 0.48366
0.36873 6.07040 -0.15431 -0.05846 0.37561 -0.22850
-3.21310 4.14060 1.75180 -0.35866 -1.01920 -0.51672
-1.22640 11.42100 1.31400 1.20560 -0.13237 -0.24576
-4.52350 14.71100 2.68430 0.99048 -0.86171 0.39493
-2.10450 8.31980 -1.24660 0.78337 -0.68427 -0.31522
-4.24180 8.06790 -0.21626 0.02653 -0.27185 -0.04256
-0.85008 6.79810 -0.29158 0.31908 0.30099 0.70580
-1.35060 9.79090 0.67465 -1.25460 -0.11047 0.28847
-1.10390 12.10100 0.27821 -0.57289 1.09710 -0.32506
-6.44440 13.04300 -2.20580 -0.56317 1.15910 0.04410
0.28647 10.78300 0.55234 -0.43408 0.10324 0.52965
-2.03180 3.04070 -0.01623 -1.19080 -0.24232 -0.50891
-1.94350 6.94170 1.96460 0.17787 -0.28152 -0.14787
-2.27960 9.63830 2.46030 0.63240 -1.12410 0.20332
-2.84140 12.51500 -1.76860 0.83978 -0.77507 -0.25774
-4.00450 8.87400 -0.87056 0.26407 -0.71182 -0.39549
-0.85182 4.98420 -1.52280 0.62680 0.17624 0.05595
-0.57820 8.43700 0.45613 -0.43097 -0.02907 0.99690
-0.32275 10.74600 2.06610 -0.86957 -0.10582 -0.47272
-3.49940 13.30000 -4.28530 -0.39877 1.21390 -0.16904
-2.78020 13.21200 -1.12010 -0.18431 0.57101 0.23816
-0.00798 6.35750 0.14827 0.31432 -0.92891 -0.19989
-2.63710 4.02410 1.00420 -0.27446 -0.89452 -0.44617
-1.12370 9.92280 2.30500 1.20870 -0.13469 -0.13173
-0.01410 12.14600 -0.08464 0.92390 -1.35300 0.78082
-3.27450 11.48100 0.78209 0.74287 -0.53333 -0.20576
-6.58870 9.84290 -0.36736 0.12852 -0.32011 -0.19418
0.24590 5.89870 -1.56250 0.69624 0.62831 0.20798
-0.98293 8.55620 0.46800 -1.08230 0.43260 0.85919
1.45890 10.34900 2.48380 -0.80159 0.29897 -0.34816
-5.76020 13.57300 -4.81450 -0.48943 0.87056 -0.19682
-1.90410 13.40700 -0.36076 -0.58376 0.43942 0.39873
-0.93884 3.76080 -0.23940 0.06555 0.05861 -0.45595
-2.40180 5.49150 1.78050 0.00046 -0.58664 -0.85674
-1.83760 12.06600 1.76280 0.99280 -0.34970 0.06329
-0.86838 13.93900 -0.33250 0.85075 -1.24410 0.41628
-1.69470 8.61380 0.44139 0.51801 -0.60818 -0.26553
-5.55990 8.84550 0.41370 0.23718 -0.18407 -0.21593
0.26936 7.20490 0.20874 0.37672 0.19395 0.47462
-0.90317 9.90660 1.65740 -0.96481 0.23892 0.21388
-0.85466 11.25000 1.84450 -0.56345 1.17590 -0.17293
-4.94370 12.40300 -3.14290 -0.27788 0.89684 -0.12717
-0.89293 12.01300 -0.08423 -0.47939 0.31038 0.24850
-2.61950 3.84790 0.24188 -0.79068 -0.47162 -0.16460
-1.70390 6.08990 1.22050 0.13560 -0.03455 -0.19145
-3.41460 11.90600 3.05160 0.42015 -0.46082 -0.04111
-1.72500 12.92900 -0.87270 0.89818 -0.27109 -0.11855
-3.74010 9.90100 -0.94955 0.41556 -0.44708 -0.26889
-1.19570 5.37160 0.28648 0.33342 -0.21500 0.08482
-1.88530 8.90490 0.92612 -0.21165 -0.06152 0.80653
-1.20300 9.91580 1.44000 -1.02720 -0.19502 0.13597
-2.30800 12.22300 -1.75100 -0.51328 1.37810 -0.06206
-4.72060 12.31600 -0.87778 -0.21120 0.94363 0.20108
0.25887 9.01960 0.65775 -0.03503 -0.31267 0.11366
-2.79070 5.06150 1.47110 -0.88382 -0.22224 -0.21555
-1.02750 6.86700 1.98610 0.39484 -0.49742 -0.32445
-0.38924 10.92000 2.36440 0.76471 -1.26530 0.20238
-5.25930 11.93800 -1.97540 1.00140 -0.79410 -0.47824
-4.73620 11.08500 0.63773 0.43338 -0.61786 -0.27914
-0.55293 4.42140 0.45441 0.40877 0.11317 -0.00098
-0.92982 8.78240 2.00400 -0.42082 -0.00578 0.84477
-0.14075 11.08900 1.70470 -0.90955 0.07700 -0.19574
-3.43910 12.53400 -2.76570 -0.53316 1.36000 -0.27939
-3.52820 12.88300 -0.90364 -0.06143 0.59448 0.18727
1.07430 7.86840 0.27573 -0.29955 -0.42027 0.15846
-3.31450 5.28040 1.85190 -1.48350 -0.87320 -0.25456
-1.45480 8.20320 1.77450 0.27542 -0.04674 0.13164
0.48738 9.88390 2.62810 0.67197 -0.98148 0.42853
-5.01340 8.81510 -1.64020 0.93948 -0.72667 -0.38962
-5.36000 10.39000 0.12418 0.44656 -0.35008 -0.33664
-0.34248 4.94470 -0.56325 0.46284 -0.18588 0.21196
-0.72638 8.40140 1.65270 -0.49913 -0.23065 0.64809
-1.38510 11.71200 1.21460 -0.85265 0.01257 -0.15001
-2.07210 12.38000 -2.95710 -0.54700 1.25610 -0.35268
-3.64100 12.63500 0.09418 -0.15384 0.67162 0.20593
0.63695 7.79380 0.04337 -0.05635 0.13702 0.24461
-2.49200 4.11200 1.56580 -1.02380 -0.60915 -0.41586
-1.60560 9.24150 1.42710 0.66354 -0.18146 -0.39906
-1.40950 12.62500 0.67274 0.87305 -0.88878 0.46129
-2.95920 9.61580 -1.50100 1.03530 -0.49724 -0.21399
-5.09030 8.93640 0.00972 0.30673 -0.42812 -0.42802
-0.52516 5.62840 -0.49785 0.32874 0.15805 0.46204
-1.26530 8.51900 0.49158 -0.79355 0.11232 0.68518
-1.65890 11.34200 1.53680 -0.89259 0.49867 -0.14973
-4.97720 12.48200 -4.19310 -0.44548 1.15040 -0.11238
-2.34500 12.72500 -0.87288 -0.45251 0.47484 0.37073
-1.00930 5.69150 -0.24059 -0.40710 -0.18568 -0.33662
-2.49620 4.38600 2.01750 -0.32962 -0.65726 -0.37630
-3.18620 12.80600 3.68290 0.80370 0.23175 -0.40591
-3.58970 10.35300 1.54170 0.92976 -0.79915 0.42488
-2.18130 8.60490 -0.77751 0.78362 -0.46715 -0.12262
-4.10260 8.27630 0.76408 0.15637 -0.37328 -0.04311
-1.12110 7.09760 -0.10974 0.19388 -0.14264 0.39304
-1.56640 9.15890 0.69826 -1.31520 0.10643 0.59811
-1.18490 11.72500 0.74033 -1.09330 1.03520 -0.01752
-7.06360 12.45800 -3.24810 -0.39053 1.00490 -0.03041
0.13803 12.16200 0.30502 0.11165 0.37984 0.39746
-2.51170 2.57230 0.35979 -1.18140 -0.37006 -0.57310
-1.27300 6.08640 2.57510 -0.22034 -0.12563 -0.21898
-5.55950 15.60100 5.74670 0.96642 -0.18048 -0.29903
